7.9995 0.0799976 0 -0.0124998 0.999938 0 -0.75
7.998 0.159981 0 -0.0249982 0.99975 0 -0.75
7.9955 0.239935 0 -0.037494 0.999438 0 -0.75
7.992 0.319845 0 -0.0499858 0.999 0 -0.75
7.98751 0.399698 0 -0.0624723 0.998438 0 -0.75
7.98201 0.479478 0 -0.0749522 0.997751 0 -0.75
7.97553 0.559172 0 -0.0874241 0.996939 0 -0.75
7.96805 0.638764 0 -0.0998867 0.996003 0 -0.75
7.95958 0.718241 0 -0.112339 0.994942 0 -0.75
7.95011 0.797589 0 -0.124779 0.993757 0 -0.75
7.93967 0.876792 0 -0.137206 0.992447 0 -0.75
7.92824 0.955838 0 -0.149618 0.991013 0 -0.75
7.91583 1.03471 0 -0.162014 0.989456 0 -0.75
7.90244 1.1134 0 -0.174394 0.987775 0 -0.75
7.88808 1.19189 0 -0.186755 0.98597 0 -0.75
7.87275 1.27016 0 -0.199096 0.984043 0 -0.75
7.85645 1.3482 0 -0.211416 0.981992 0 -0.75
7.83919 1.42601 0 -0.223713 0.979818 0 -0.75
7.82098 1.50356 0 -0.235987 0.977522 0 -0.75
7.80182 1.58084 0 -0.248236 0.975104 0 -0.75
7.7817 1.65784 0 -0.260459 0.972563 0 -0.75
7.76065 1.73455 0 -0.272654 0.969902 0 -0.75
7.73867 1.81094 0 -0.284821 0.967118 0 -0.75
7.71575 1.88702 0 -0.296957 0.964214 0 -0.75
7.69191 1.96277 0 -0.309063 0.96119 0 -0.75
7.66715 2.03816 0 -0.321135 0.958045 0 -0.75
7.64148 2.1132 0 -0.333174 0.95478 0 -0.75
7.61491 2.18787 0 -0.345178 0.951396 0 -0.75
7.58744 2.26216 0 -0.357146 0.947893 0 -0.75
7.55908 2.33605 0 -0.369076 0.944271 0 -0.75
7.52984 2.40953 0 -0.380967 0.940531 0 -0.75
7.49972 2.4826 0 -0.392819 0.936673 0 -0.75
7.46874 2.55523 0 -0.404629 0.932698 0 -0.75
7.43689 2.62743 0 -0.416397 0.928606 0 -0.75
7.4042 2.69917 0 -0.428122 0.924398 0 -0.75
7.37066 2.77045 0 -0.439802 0.920075 0 -0.75
7.33628 2.84125 0 -0.451436 0.915635 0 -0.75
7.30108 2.91157 0 -0.463023 0.911081 0 -0.75
7.26506 2.98139 0 -0.474562 0.906413 0 -0.75
7.22823 3.05071 0 -0.486051 0.901631 0 -0.75
7.19061 3.11951 0 -0.49749 0.896736 0 -0.75
7.15219 3.18778 0 -0.508877 0.891729 0 -0.75
7.11299 3.25552 0 -0.520212 0.886609 0 -0.75
7.07302 3.32272 0 -0.531492 0.881378 0 -0.75
7.03228 3.38936 0 -0.542718 0.876036 0 -0.75
6.99079 3.45544 0 -0.553887 0.870584 0 -0.75
6.94857 3.52095 0 -0.565 0.865023 0 -0.75
6.9056 3.58587 0 -0.576054 0.859352 0 -0.75
6.86192 3.65021 0 -0.587048 0.853573 0 -0.75
6.81752 3.71395 0 -0.597982 0.847687 0 -0.75
6.77242 3.77709 0 -0.608855 0.841694 0 -0.75
6.72662 3.83961 0 -0.619665 0.835594 0 -0.75
6.68015 3.90151 0 -0.630412 0.829389 0 -0.75
6.633 3.96278 0 -0.641094 0.823079 0 -0.75
6.58519 4.02342 0 -0.651711 0.816665 0 -0.75
6.53673 4.08342 0 -0.662261 0.810147 0 -0.75
6.48764 4.14276 0 -0.672743 0.803526 0 -0.75
6.43791 4.20146 0 -0.683156 0.796803 0 -0.75
6.38756 4.25949 0 -0.6935 0.789979 0 -0.75
6.33661 4.31685 0 -0.703774 0.783055 0 -0.75
6.28506 4.37354 0 -0.713976 0.776031 0 -0.75
6.23293 4.42955 0 -0.724105 0.768907 0 -0.75
6.18022 4.48487 0 -0.734161 0.761686 0 -0.75
6.12695 4.5395 0 -0.744143 0.754366 0 -0.75
6.07312 4.59344 0 -0.754049 0.746951 0 -0.75
6.01876 4.64668 0 -0.763879 0.739439 0 -0.75
5.96386 4.69921 0 -0.773632 0.731832 0 -0.75
5.90844 4.75103 0 -0.783307 0.724131 0 -0.75
5.85252 4.80214 0 -0.792903 0.716336 0 -0.75
5.7961 4.85253 0 -0.802419 0.708448 0 -0.75
5.73919 4.9022 0 -0.811855 0.700469 0 -0.75
5.68181 4.95114 0 -0.821209 0.692399 0 -0.75
5.62396 4.99936 0 -0.830481 0.684238 0 -0.75
5.56566 5.04684 0 -0.83967 0.675988 0 -0.75
5.50692 5.09359 0 -0.848775 0.66765 0 -0.75
5.44774 5.13959 0 -0.857794 0.659224 0 -0.75
5.38815 5.18486 0 -0.866729 0.650712 0 -0.75
5.32815 5.22938 0 -0.875576 0.642113 0 -0.75
5.26775 5.27316 0 -0.884337 0.63343 0 -0.75
5.20696 5.31619 0 -0.89301 0.624662 0 -0.75
5.1458 5.35847 0 -0.901594 0.615811 0 -0.75
5.08427 5.39999 0 -0.910088 0.606878 0 -0.75
5.02239 5.44076 0 -0.918492 0.597864 0 -0.75
4.96016 5.48078 0 -0.926805 0.588769 0 -0.75
4.8976 5.52004 0 -0.935026 0.579594 0 -0.75
4.83472 5.55854 0 -0.943155 0.57034 0 -0.75
4.77153 5.59628 0 -0.951191 0.561009 0 -0.75
4.70803 5.63326 0 -0.959133 0.551601 0 -0.75
4.64425 5.66948 0 -0.96698 0.542118 0 -0.75
4.58018 5.70494 0 -0.974732 0.532559 0 -0.75
4.51585 5.73964 0 -0.982388 0.522926 0 -0.75
4.45125 5.77357 0 -0.989947 0.51322 0 -0.75
4.38641 5.80674 0 -0.997409 0.503442 0 -0.75
4.32132 5.83915 0 -1.00477 0.493593 0 -0.75
4.25601 5.8708 0 -1.01204 0.483673 0 -0.75
4.19048 5.90169 0 -1.01921 0.473684 0 -0.75
4.12474 5.93181 0 -1.02627 0.463627 0 -0.75
4.05879 5.96118 0 -1.03324 0.453503 0 -0.75
3.99267 5.98978 0 -1.0401 0.443312 0 -0.75
3.92636 6.01763 0 -1.04687 0.433056 0 -0.75
3.85988 6.04472 0 -1.05353 0.422736 0 -0.75
3.79324 6.07105 0 -1.06009 0.412352 0 -0.75
3.72645 6.09662 0 -1.06655 0.401906 0 -0.75
3.65951 6.12144 0 -1.0729 0.391399 0 -0.75
3.59245 6.1455 0 -1.07914 0.380831 0 -0.75
3.52526 6.16882 0 -1.08529 0.370203 0 -0.75
3.45796 6.19138 0 -1.09132 0.359518 0 -0.75
3.39055 6.2132 0 -1.09726 0.348775 0 -0.75
3.32305 6.23426 0 -1.10308 0.337975 0 -0.75
3.25546 6.25459 0 -1.1088 0.32712 0 -0.75
3.1878 6.27417 0 -1.11441 0.316211 0 -0.75
3.12006 6.29301 0 -1.11991 0.305249 0 -0.75
3.05226 6.31111 0 -1.1253 0.294234 0 -0.75
2.98441 6.32848 0 -1.13059 0.283169 0 -0.75
2.91652 6.34511 0 -1.13576 0.272053 0 -0.75
2.84859 6.36101 0 -1.14083 0.260888 0 -0.75
2.78064 6.37619 0 -1.14579 0.249674 0 -0.75
2.71266 6.39064 0 -1.15063 0.238414 0 -0.75
2.64468 6.40436 0 -1.15537 0.227108 0 -0.75
2.57669 6.41736 0 -1.15999 0.215756 0 -0.75
2.50871 6.42965 0 -1.1645 0.204361 0 -0.75
2.44073 6.44123 0 -1.1689 0.192923 0 -0.75
2.37278 6.45209 0 -1.17318 0.181443 0 -0.75
2.30486 6.46224 0 -1.17736 0.169923 0 -0.75
2.23697 6.47169 0 -1.18141 0.158362 0 -0.75
2.16913 6.48044 0 -1.18536 0.146764 0 -0.75
2.10134 6.48848 0 -1.18919 0.135127 0 -0.75
2.0336 6.49584 0 -1.19291 0.123454 0 -0.75
1.96593 6.5025 0 -1.19651 0.111746 0 -0.75
1.89833 6.50847 0 -1.2 0.100004 0 -0.75
1.8308 6.51376 0 -1.20337 0.0882282 0 -0.75
1.76337 6.51837 0 -1.20663 0.0764205 0 -0.75
1.69602 6.5223 0 -1.20977 0.0645817 0 -0.75
1.62878 6.52556 0 -1.21279 0.0527129 0 -0.75
1.56164 6.52814 0 -1.2157 0.0408153 0 -0.75
1.49461 6.53006 0 -1.21849 0.02889 0 -0.75
1.4277 6.53132 0 -1.22117 0.0169379 0 -0.75
1.36091 6.53192 0 -1.22372 0.00496038 0 -0.75
1.29426 6.53186 0 -1.22616 -0.00704164 0 -0.75
1.22774 6.53115 0 -1.22848 -0.019067 0 -0.75
1.16137 6.5298 0 -1.23069 -0.0311146 0 -0.75
1.09514 6.5278 0 -1.23277 -0.0431834 0 -0.75
1.02907 6.52517 0 -1.23474 -0.0552722 0 -0.75
0.963157 6.5219 0 -1.23659 -0.0673799 0 -0.75
0.897412 6.51799 0 -1.23832 -0.0795054 0 -0.75
0.83184 6.51347 0 -1.23993 -0.0916476 0 -0.75
0.766444 6.50831 0 -1.24142 -0.103805 0 -0.75
0.701231 6.50255 0 -1.24279 -0.115978 0 -0.75
0.636207 6.49616 0 -1.24405 -0.128163 0 -0.75
0.571376 6.48917 0 -1.24518 -0.140361 0 -0.75
0.506743 6.48157 0 -1.2462 -0.15257 0 -0.75
0.442314 6.47337 0 -1.24709 -0.164788 0 -0.75
0.378094 6.46457 0 -1.24787 -0.177016 0 -0.75
0.314087 6.45518 0 -1.24852 -0.189251 0 -0.75
0.250299 6.4452 0 -1.24906 -0.201493 0 -0.75
0.186734 6.43464 0 -1.24947 -0.21374 0 -0.75
0.123397 6.42349 0 -1.24977 -0.225992 0 -0.75
0.0602923 6.41178 0 -1.24994 -0.238246 0 -0.75
-0.00257507 6.39949 0 -1.25 -0.250503 0 -0.75
-0.0652008 6.38663 0 -1.24993 -0.26276 0 -0.75
-0.127581 6.37321 0 -1.24975 -0.275018 0 -0.75
-0.18971 6.35923 0 -1.24944 -0.287274 0 -0.75
-0.251585 6.3447 0 -1.24902 -0.299527 0 -0.75
-0.313201 6.32962 0 -1.24847 -0.311777 0 -0.75
-0.374554 6.31399 0 -1.24781 -0.324021 0 -0.75
-0.435641 6.29782 0 -1.24702 -0.33626 0 -0.75
-0.496456 6.28112 0 -1.24611 -0.348492 0 -0.75
-0.556997 6.26389 0 -1.24509 -0.360715 0 -0.75
-0.617259 6.24612 0 -1.24394 -0.37293 0 -0.75
-0.677239 6.22784 0 -1.24267 -0.385133 0 -0.75
-0.736933 6.20903 0 -1.24129 -0.397325 0 -0.75
-0.796338 6.18972 0 -1.23978 -0.409504 0 -0.75
-0.855449 6.16989 0 -1.23816 -0.421669 0 -0.75
-0.914264 6.14956 0 -1.23641 -0.433819 0 -0.75
-0.972778 6.12872 0 -1.23455 -0.445952 0 -0.75
-1.03099 6.10739 0 -1.23256 -0.458069 0 -0.75
-1.08889 6.08557 0 -1.23046 -0.470166 0 -0.75
-1.14649 6.06326 0 -1.22824 -0.482244 0 -0.75
-1.20377 6.04047 0 -1.22589 -0.494301 0 -0.75
-1.26073 6.0172 0 -1.22343 -0.506336 0 -0.75
-1.31738 5.99345 0 -1.22086 -0.518348 0 -0.75
-1.3737 5.96923 0 -1.21816 -0.530335 0 -0.75
-1.4297 5.94455 0 -1.21534 -0.542298 0 -0.75
-1.48537 5.91941 0 -1.21241 -0.554233 0 -0.75
-1.54071 5.89381 0 -1.20936 -0.566141 0 -0.75
-1.59571 5.86775 0 -1.20619 -0.57802 0 -0.75
-1.65038 5.84125 0 -1.20291 -0.589869 0 -0.75
-1.70471 5.8143 0 -1.19951 -0.601687 0 -0.75
-1.7587 5.78692 0 -1.19599 -0.613472 0 -0.75
-1.81234 5.7591 0 -1.19235 -0.625224 0 -0.75
-1.86564 5.73084 0 -1.1886 -0.636942 0 -0.75
-1.91859 5.70217 0 -1.18474 -0.648624 0 -0.75
-1.97118 5.67306 0 -1.18075 -0.660269 0 -0.75
-2.02342 5.64354 0 -1.17666 -0.671876 0 -0.75
-2.07531 5.61361 0 -1.17244 -0.683444 0 -0.75
-2.12683 5.58326 0 -1.16812 -0.694972 0 -0.75
-2.178 5.55251 0 -1.16368 -0.706458 0 -0.75
-2.2288 5.52136 0 -1.15912 -0.717902 0 -0.75
-2.27924 5.48981 0 -1.15446 -0.729303 0 -0.75
-2.32931 5.45787 0 -1.14968 -0.740658 0 -0.75
-2.37901 5.42554 0 -1.14478 -0.751968 0 -0.75
-2.42834 5.39282 0 -1.13978 -0.763232 0 -0.75
-2.47729 5.35972 0 -1.13466 -0.774447 0 -0.75
-2.52588 5.32625 0 -1.12943 -0.785613 0 -0.75
-2.57408 5.2924 0 -1.12409 -0.796728 0 -0.75
-2.6219 5.25819 0 -1.11865 -0.807793 0 -0.75
-2.66935 5.22361 0 -1.11309 -0.818805 0 -0.75
-2.71641 5.18867 0 -1.10742 -0.829763 0 -0.75
-2.76309 5.15337 0 -1.10164 -0.840667 0 -0.75
-2.80938 5.11772 0 -1.09575 -0.851516 0 -0.75
-2.85528 5.08173 0 -1.08976 -0.862307 0 -0.75
-2.9008 5.04539 0 -1.08366 -0.873041 0 -0.75
-2.94592 5.0087 0 -1.07745 -0.883715 0 -0.75
-2.99066 4.97169 0 -1.07114 -0.89433 0 -0.75
-3.035 4.93434 0 -1.06472 -0.904884 0 -0.75
-3.07894 4.89666 0 -1.05819 -0.915375 0 -0.75
-3.12249 4.85865 0 -1.05156 -0.925804 0 -0.75
-3.16564 4.82033 0 -1.04483 -0.936168 0 -0.75
-3.20839 4.78169 0 -1.03799 -0.946467 0 -0.75
-3.25074 4.74273 0 -1.03106 -0.9567 0 -0.75
-3.29268 4.70347 0 -1.02401 -0.966865 0 -0.75
-3.33423 4.6639 0 -1.01687 -0.976962 0 -0.75
-3.37537 4.62403 0 -1.00963 -0.986989 0 -0.75
-3.4161 4.58386 0 -1.00228 -0.996947 0 -0.75
-3.45643 4.5434 0 -0.994839 -1.00683 0 -0.75
-3.49635 4.50265 0 -0.987297 -1.01665 0 -0.75
-3.53586 4.46161 0 -0.979656 -1.02639 0 -0.75
-3.57496 4.42029 0 -0.971918 -1.03605 0 -0.75
-3.61365 4.37869 0 -0.964083 -1.04564 0 -0.75
-3.65193 4.33681 0 -0.956152 -1.05515 0 -0.75
-3.68979 4.29466 0 -0.948126 -1.06459 0 -0.75
-3.72724 4.25225 0 -0.940005 -1.07395 0 -0.75
-3.76428 4.20957 0 -0.931791 -1.08323 0 -0.75
-3.8009 4.16663 0 -0.923484 -1.09242 0 -0.75
-3.8371 4.12343 0 -0.915084 -1.10154 0 -0.75
-3.87288 4.07997 0 -0.906593 -1.11058 0 -0.75
-3.90825 4.03627 0 -0.898011 -1.11953 0 -0.75
-3.94319 3.99232 0 -0.889339 -1.12839 0 -0.75
-3.97771 3.94813 0 -0.880578 -1.13718 0 -0.75
-4.01182 3.9037 0 -0.871729 -1.14587 0 -0.75
-4.0455 3.85903 0 -0.862793 -1.15448 0 -0.75
-4.07876 3.81413 0 -0.85377 -1.163 0 -0.75
-4.11159 3.769 0 -0.844662 -1.17144 0 -0.75
-4.144 3.72365 0 -0.835468 -1.17978 0 -0.75
-4.17598 3.67807 0 -0.826191 -1.18803 0 -0.75
-4.20754 3.63228 0 -0.816831 -1.1962 0 -0.75
-4.23867 3.58627 0 -0.807388 -1.20427 0 -0.75
-4.26938 3.54004 0 -0.797864 -1.21224 0 -0.75
-4.29966 3.49361 0 -0.78826 -1.22013 0 -0.75
-4.32951 3.44698 0 -0.778577 -1.22792 0 -0.75
-4.35893 3.40014 0 -0.768815 -1.23561 0 -0.75
-4.38792 3.3531 0 -0.758975 -1.24321 0 -0.75
-4.41648 3.30587 0 -0.749059 -1.2507 0 -0.75
-4.44461 3.25845 0 -0.739067 -1.25811 0 -0.75
-4.47231 3.21083 0 -0.729001 -1.26541 0 -0.75
-4.49957 3.16304 0 -0.718861 -1.27261 0 -0.75
-4.52641 3.11506 0 -0.708648 -1.27972 0 -0.75
-4.55281 3.0669 0 -0.698364 -1.28672 0 -0.75
-4.57878 3.01857 0 -0.688009 -1.29362 0 -0.75
-4.60431 2.97006 0 -0.677584 -1.30042 0 -0.75
-4.62941 2.92139 0 -0.667091 -1.30711 0 -0.75
-4.65408 2.87254 0 -0.65653 -1.31371 0 -0.75
-4.67831 2.82354 0 -0.645902 -1.32019 0 -0.75
-4.70211 2.77438 0 -0.635209 -1.32657 0 -0.75
-4.72547 2.72506 0 -0.624451 -1.33285 0 -0.75
-4.74839 2.67559 0 -0.61363 -1.33902 0 -0.75
-4.77088 2.62596 0 -0.602747 -1.34508 0 -0.75
-4.79293 2.57619 0 -0.591803 -1.35103 0 -0.75
-4.81455 2.52628 0 -0.580798 -1.35688 0 -0.75
-4.83572 2.47623 0 -0.569734 -1.36261 0 -0.75
-4.85646 2.42603 0 -0.558612 -1.36824 0 -0.75
-4.87676 2.37571 0 -0.547434 -1.37375 0 -0.75
-4.89663 2.32525 0 -0.536199 -1.37915 0 -0.75
-4.91605 2.27466 0 -0.52491 -1.38445 0 -0.75
-4.93503 2.22395 0 -0.513568 -1.38963 0 -0.75
-4.95358 2.17312 0 -0.502173 -1.39469 0 -0.75
-4.97168 2.12216 0 -0.490727 -1.39965 0 -0.75
-4.98935 2.07109 0 -0.479231 -1.40449 0 -0.75
-5.00657 2.01991 0 -0.467686 -1.40921 0 -0.75
-5.02336 1.96862 0 -0.456093 -1.41382 0 -0.75
-5.0397 1.91722 0 -0.444454 -1.41832 0 -0.75
-5.05561 1.86571 0 -0.432769 -1.42269 0 -0.75
-5.07107 1.81411 0 -0.42104 -1.42696 0 -0.75
-5.08609 1.7624 0 -0.409268 -1.4311 0 -0.75
-5.10067 1.7106 0 -0.397454 -1.43513 0 -0.75
-5.11481 1.65871 0 -0.3856 -1.43904 0 -0.75
-5.1285 1.60673 0 -0.373706 -1.44283 0 -0.75
-5.14176 1.55466 0 -0.361774 -1.4465 0 -0.75
-5.15457 1.5025 0 -0.349804 -1.45006 0 -0.75
-5.16694 1.45027 0 -0.337799 -1.45349 0 -0.75
-5.17887 1.39796 0 -0.32576 -1.45681 0 -0.75
-5.19035 1.34557 0 -0.313687 -1.46 0 -0.75
-5.20139 1.29311 0 -0.301581 -1.46307 0 -0.75
-5.21199 1.24059 0 -0.289445 -1.46603 0 -0.75
-5.22215 1.18799 0 -0.277279 -1.46886 0 -0.75
-5.23186 1.13533 0 -0.265085 -1.47157 0 -0.75
-5.24113 1.08262 0 -0.252864 -1.47416 0 -0.75
-5.24996 1.02984 0 -0.240617 -1.47662 0 -0.75
-5.25834 0.977009 0 -0.228345 -1.47897 0 -0.75
-5.26628 0.924127 0 -0.216049 -1.48119 0 -0.75
-5.27377 0.871195 0 -0.203731 -1.48329 0 -0.75
-5.28083 0.818217 0 -0.191393 -1.48526 0 -0.75
-5.28743 0.765196 0 -0.179035 -1.48711 0 -0.75
-5.2936 0.712134 0 -0.166658 -1.48884 0 -0.75
-5.29932 0.659034 0 -0.154264 -1.49044 0 -0.75
-5.30459 0.6059 0 -0.141855 -1.49192 0 -0.75
-5.30942 0.552733 0 -0.129431 -1.49328 0 -0.75
-5.31381 0.499537 0 -0.116993 -1.49451 0 -0.75
-5.31775 0.446315 0 -0.104544 -1.49562 0 -0.75
-5.32125 0.393069 0 -0.0920839 -1.4966 0 -0.75
-5.32431 0.339802 0 -0.0796143 -1.49746 0 -0.75
-5.32692 0.286517 0 -0.0671365 -1.4982 0 -0.75
-5.32908 0.233217 0 -0.0546518 -1.4988 0 -0.75
-5.33081 0.179905 0 -0.0421615 -1.49929 0 -0.75
-5.33208 0.126584 0 -0.0296669 -1.49965 0 -0.75
-5.33292 0.0732554 0 -0.0171692 -1.49988 0 -0.75
-5.3333 0.0199232 0 -0.00466975 -1.49999 0 -0.75
-5.33325 -0.03341 0 0.00783019 -1.49998 0 -0.75
-5.33275 -0.0867414 0 0.0203293 -1.49983 0 -0.75
-5.3318 -0.140068 0 0.0328264 -1.49957 0 -0.75
-5.33041 -0.193388 0 0.04532 -1.49918 0 -0.75
-5.32858 -0.246697 0 0.057809 -1.49866 0 -0.75
-5.3263 -0.299993 0 0.0702921 -1.49802 0 -0.75
-5.32358 -0.353274 0 0.0827679 -1.49726 0 -0.75
-5.32041 -0.406535 0 0.0952353 -1.49637 0 -0.75
-5.3168 -0.459776 0 0.107693 -1.49535 0 -0.75
-5.31274 -0.512992 0 0.120139 -1.49421 0 -0.75
-5.30824 -0.56618 0 0.132573 -1.49295 0 -0.75
-5.3033 -0.619339 0 0.144994 -1.49156 0 -0.75
-5.29791 -0.672465 0 0.1574 -1.49005 0 -0.75
-5.29208 -0.725556 0 0.169789 -1.48841 0 -0.75
-5.2858 -0.778608 0 0.182161 -1.48666 0 -0.75
-5.27908 -0.831618 0 0.194514 -1.48477 0 -0.75
-5.27192 -0.884585 0 0.206848 -1.48277 0 -0.75
-5.26431 -0.937504 0 0.21916 -1.48064 0 -0.75
-5.25626 -0.990374 0 0.23145 -1.47839 0 -0.75
-5.24777 -1.04319 0 0.243716 -1.47601 0 -0.75
-5.23883 -1.09595 0 0.255956 -1.47351 0 -0.75
-5.22945 -1.14866 0 0.268171 -1.47089 0 -0.75
-5.21962 -1.2013 0 0.280358 -1.46815 0 -0.75
-5.20935 -1.25387 0 0.292517 -1.46529 0 -0.75
-5.19864 -1.30639 0 0.304645 -1.46231 0 -0.75
-5.18749 -1.35883 0 0.316742 -1.4592 0 -0.75
-5.17589 -1.41119 0 0.328807 -1.45598 0 -0.75
-5.16385 -1.46349 0 0.340838 -1.45263 0 -0.75
-5.15137 -1.5157 0 0.352834 -1.44917 0 -0.75
-5.13845 -1.56783 0 0.364794 -1.44559 0 -0.75
-5.12508 -1.61988 0 0.376717 -1.44188 0 -0.75
-5.11127 -1.67184 0 0.388601 -1.43806 0 -0.75
-5.09702 -1.72371 0 0.400445 -1.43412 0 -0.75
-5.08233 -1.77548 0 0.412248 -1.43006 0 -0.75
-5.0672 -1.82717 0 0.42401 -1.42589 0 -0.75
-5.05163 -1.87875 0 0.435728 -1.4216 0 -0.75
-5.03561 -1.93023 0 0.447401 -1.41719 0 -0.75
-5.01916 -1.9816 0 0.459029 -1.41267 0 -0.75
-5.00226 -2.03287 0 0.470609 -1.40803 0 -0.75
-4.98492 -2.08402 0 0.482142 -1.40327 0 -0.75
-4.96715 -2.13506 0 0.493626 -1.3984 0 -0.75
-4.94893 -2.18598 0 0.505059 -1.39342 0 -0.75
-4.93027 -2.23679 0 0.516441 -1.38833 0 -0.75
-4.91118 -2.28747 0 0.52777 -1.38312 0 -0.75
-4.89165 -2.33802 0 0.539045 -1.3778 0 -0.75
-4.87167 -2.38845 0 0.550265 -1.37237 0 -0.75
-4.85126 -2.43874 0 0.56143 -1.36682 0 -0.75
-4.83041 -2.4889 0 0.572537 -1.36117 0 -0.75
-4.80912 -2.53892 0 0.583586 -1.35541 0 -0.75
-4.7874 -2.58879 0 0.594575 -1.34954 0 -0.75
-4.76524 -2.63853 0 0.605505 -1.34356 0 -0.75
-4.74264 -2.68811 0 0.616372 -1.33747 0 -0.75
-4.7196 -2.73755 0 0.627177 -1.33127 0 -0.75
-4.69613 -2.78683 0 0.637919 -1.32497 0 -0.75
-4.67223 -2.83595 0 0.648595 -1.31856 0 -0.75
-4.64789 -2.88491 0 0.659206 -1.31205 0 -0.75
-4.62311 -2.93371 0 0.66975 -1.30543 0 -0.75
-4.5979 -2.98234 0 0.680226 -1.29871 0 -0.75
-4.57225 -3.03081 0 0.690633 -1.29189 0 -0.75
-4.54617 -3.0791 0 0.700971 -1.28496 0 -0.75
-4.51966 -3.12721 0 0.711237 -1.27793 0 -0.75
-4.49272 -3.17514 0 0.721431 -1.2708 0 -0.75
-4.46534 -3.22289 0 0.731553 -1.26357 0 -0.75
-4.43754 -3.27046 0 0.741601 -1.25624 0 -0.75
-4.4093 -3.31783 0 0.751573 -1.24882 0 -0.75
-4.38063 -3.36502 0 0.76147 -1.24129 0 -0.75
-4.35153 -3.412 0 0.77129 -1.23367 0 -0.75
-4.322 -3.45879 0 0.781032 -1.22595 0 -0.75
-4.29204 -3.50537 0 0.790696 -1.21814 0 -0.75
-4.26166 -3.55175 0 0.80028 -1.21024 0 -0.75
-4.23084 -3.59792 0 0.809783 -1.20223 0 -0.75
-4.1996 -3.64388 0 0.819205 -1.19414 0 -0.75
-4.16794 -3.68962 0 0.828544 -1.18596 0 -0.75
-4.13584 -3.73514 0 0.8378 -1.17768 0 -0.75
-4.10333 -3.78044 0 0.846972 -1.16931 0 -0.75
-4.07039 -3.82551 0 0.856059 -1.16086 0 -0.75
-4.03702 -3.87035 0 0.865061 -1.15231 0 -0.75
-4.00323 -3.91496 0 0.873975 -1.14368 0 -0.75
-3.96903 -3.95933 0 0.882802 -1.13496 0 -0.75
-3.93439 -4.00346 0 0.89154 -1.12616 0 -0.75
-3.89934 -4.04735 0 0.900189 -1.11727 0 -0.75
-3.86387 -4.09099 0 0.908748 -1.1083 0 -0.75
-3.82798 -4.13438 0 0.917216 -1.09924 0 -0.75
-3.79168 -4.17751 0 0.925593 -1.09011 0 -0.75
-3.75495 -4.22039 0 0.933877 -1.08089 0 -0.75
-3.71781 -4.263 0 0.942067 -1.07159 0 -0.75
-3.68026 -4.30535 0 0.950164 -1.06221 0 -0.75
-3.64229 -4.34743 0 0.958166 -1.05276 0 -0.75
-3.60391 -4.38924 0 0.966073 -1.04322 0 -0.75
-3.56512 -4.43077 0 0.973883 -1.03361 0 -0.75
-3.52591 -4.47202 0 0.981597 -1.02393 0 -0.75
-3.4863 -4.51298 0 0.989213 -1.01417 0 -0.75
-3.44627 -4.55366 0 0.99673 -1.00434 0 -0.75
-3.40584 -4.59405 0 1.00415 -0.994435 0 -0.75
-3.36501 -4.63414 0 1.01147 -0.98446 0 -0.75
-3.32376 -4.67394 0 1.01869 -0.974415 0 -0.75
-3.28212 -4.71343 0 1.0258 -0.964301 0 -0.75
-3.24007 -4.75262 0 1.03282 -0.954119 0 -0.75
-3.19762 -4.79149 0 1.03973 -0.943869 0 -0.75
-3.15476 -4.83005 0 1.04654 -0.933554 0 -0.75
-3.11151 -4.8683 0 1.05325 -0.923173 0 -0.75
-3.06787 -4.90622 0 1.05985 -0.912728 0 -0.75
-3.02382 -4.94381 0 1.06635 -0.902221 0 -0.75
-2.97938 -4.98108 0 1.07275 -0.891652 0 -0.75
-2.93455 -5.01801 0 1.07903 -0.881022 0 -0.75
-2.88933 -5.05461 0 1.08521 -0.870332 0 -0.75
-2.84371 -5.09086 0 1.09129 -0.859584 0 -0.75
-2.79771 -5.12677 0 1.09725 -0.848778 0 -0.75
-2.75132 -5.16233 0 1.10311 -0.837915 0 -0.75
-2.70455 -5.19754 0 1.10886 -0.826997 0 -0.75
-2.65739 -5.23239 0 1.1145 -0.816025 0 -0.75
-2.60985 -5.26688 0 1.12003 -0.805 0 -0.75
-2.56193 -5.301 0 1.12545 -0.793922 0 -0.75
-2.51363 -5.33475 0 1.13077 -0.782794 0 -0.75
-2.46495 -5.36813 0 1.13596 -0.771615 0 -0.75
-2.4159 -5.40113 0 1.14105 -0.760388 0 -0.75
-2.36648 -5.43375 0 1.14603 -0.749113 0 -0.75
-2.31668 -5.46598 0 1.15089 -0.737791 0 -0.75
-2.26652 -5.49783 0 1.15565 -0.726424 0 -0.75
-2.21599 -5.52928 0 1.16029 -0.715012 0 -0.75
-2.1651 -5.56033 0 1.16481 -0.703558 0 -0.75
-2.11384 -5.59098 0 1.16922 -0.69206 0 -0.75
-2.06222 -5.62122 0 1.17352 -0.680522 0 -0.75
-2.01025 -5.65105 0 1.1777 -0.668944 0 -0.75
-1.95792 -5.68046 0 1.18177 -0.657328 0 -0.75
-1.90523 -5.70946 0 1.18572 -0.645673 0 -0.75
-1.8522 -5.73803 0 1.18956 -0.633982 0 -0.75
-1.79881 -5.76618 0 1.19328 -0.622256 0 -0.75
-1.74508 -5.79389 0 1.19689 -0.610495 0 -0.75
-1.69101 -5.82116 0 1.20038 -0.598701 0 -0.75
-1.63659 -5.848 0 1.20375 -0.586876 0 -0.75
-1.58184 -5.87439 0 1.20701 -0.575019 0 -0.75
-1.52675 -5.90033 0 1.21014 -0.563133 0 -0.75
-1.47133 -5.92581 0 1.21316 -0.551218 0 -0.75
-1.41557 -5.95084 0 1.21607 -0.539275 0 -0.75
-1.35949 -5.9754 0 1.21885 -0.527307 0 -0.75
-1.30309 -5.9995 0 1.22152 -0.515313 0 -0.75
-1.24636 -6.02313 0 1.22407 -0.503295 0 -0.75
-1.18931 -6.04628 0 1.2265 -0.491254 0 -0.75
-1.13195 -6.06895 0 1.22881 -0.479192 0 -0.75
-1.07428 -6.09114 0 1.231 -0.467109 0 -0.75
-1.0163 -6.11284 0 1.23307 -0.455007 0 -0.75
-0.958011 -6.13404 0 1.23503 -0.442886 0 -0.75
-0.89942 -6.15475 0 1.23686 -0.430748 0 -0.75
-0.84053 -6.17495 0 1.23858 -0.418594 0 -0.75
-0.781344 -6.19465 0 1.24017 -0.406426 0 -0.75
-0.721866 -6.21384 0 1.24165 -0.394243 0 -0.75
-0.662099 -6.23251 0 1.24301 -0.382048 0 -0.75
-0.602048 -6.25067 0 1.24424 -0.369842 0 -0.75
-0.541715 -6.2683 0 1.24536 -0.357626 0 -0.75
-0.481104 -6.2854 0 1.24635 -0.3454 0 -0.75
-0.420219 -6.30196 0 1.24723 -0.333166 0 -0.75
-0.359065 -6.318 0 1.24799 -0.320926 0 -0.75
-0.297645 -6.33348 0 1.24862 -0.30868 0 -0.75
-0.235963 -6.34843 0 1.24914 -0.296429 0 -0.75
-0.174023 -6.36282 0 1.24953 -0.284175 0 -0.75
-0.11183 -6.37666 0 1.24981 -0.271918 0 -0.75
-0.0493878 -6.38994 0 1.24996 -0.259661 0 -0.75
0.0132995 -6.40265 0 1.25 -0.247404 0 -0.75
0.0762272 -6.4148 0 1.24991 -0.235147 0 -0.75
0.139391 -6.42637 0 1.24971 -0.222893 0 -0.75
0.202786 -6.43737 0 1.24938 -0.210643 0 -0.75
0.266408 -6.44778 0 1.24893 -0.198397 0 -0.75
0.330252 -6.45761 0 1.24837 -0.186157 0 -0.75
0.394313 -6.46686 0 1.24768 -0.173923 0 -0.75
0.458587 -6.4755 0 1.24688 -0.161698 0 -0.75
0.523068 -6.48355 0 1.24595 -0.149482 0 -0.75
0.587751 -6.491 0 1.24491 -0.137275 0 -0.75
0.652632 -6.49784 0 1.24374 -0.125081 0 -0.75
0.717704 -6.50407 0 1.24246 -0.112898 0 -0.75
0.782964 -6.50968 0 1.24105 -0.10073 0 -0.75
0.848405 -6.51467 0 1.23953 -0.0885759 0 -0.75
0.914022 -6.51904 0 1.23789 -0.0764378 0 -0.75
0.979809 -6.52279 0 1.23613 -0.0643167 0 -0.75
1.04576 -6.5259 0 1.23425 -0.0522137 0 -0.75
1.11187 -6.52837 0 1.23226 -0.0401299 0 -0.75
1.17814 -6.53021 0 1.23014 -0.0280664 0 -0.75
1.24455 -6.5314 0 1.22791 -0.0160243 0 -0.75
1.3111 -6.53194 0 1.22556 -0.00400469 0 -0.75
1.37779 -6.53183 0 1.22309 0.00799125 0 -0.75
1.44461 -6.53107 0 1.2205 0.0199625 0 -0.75
1.51155 -6.52964 0 1.2178 0.0319078 0 -0.75
1.57861 -6.52755 0 1.21498 0.0438263 0 -0.75
1.64577 -6.5248 0 1.21204 0.0557167 0 -0.75
1.71304 -6.52137 0 1.20898 0.0675779 0 -0.75
1.78041 -6.51727 0 1.20581 0.079409 0 -0.75
1.84787 -6.51249 0 1.20253 0.0912088 0 -0.75
1.91541 -6.50703 0 1.19913 0.102976 0 -0.75
1.98303 -6.50088 0 1.19561 0.11471 0 -0.75
2.05072 -6.49405 0 1.19198 0.126409 0 -0.75
2.11848 -6.48652 0 1.18823 0.138073 0 -0.75
2.18628 -6.47829 0 1.18437 0.1497 0 -0.75
2.25414 -6.46937 0 1.1804 0.161289 0 -0.75
2.32204 -6.45974 0 1.17631 0.172839 0 -0.75
2.38997 -6.44941 0 1.17211 0.18435 0 -0.75
2.45792 -6.43837 0 1.16779 0.195819 0 -0.75
2.5259 -6.42662 0 1.16337 0.207246 0 -0.75
2.59388 -6.41415 0 1.15883 0.218631 0 -0.75
2.66187 -6.40096 0 1.15418 0.229971 0 -0.75
2.72985 -6.38705 0 1.14942 0.241265 0 -0.75
2.79783 -6.37242 0 1.14454 0.252514 0 -0.75
2.86577 -6.35707 0 1.13956 0.263715 0 -0.75
2.93369 -6.34098 0 1.13447 0.274868 0 -0.75
3.00158 -6.32416 0 1.12926 0.285971 0 -0.75
3.06941 -6.30661 0 1.12395 0.297024 0 -0.75
3.1372 -6.28832 0 1.11853 0.308026 0 -0.75
3.20492 -6.26929 0 1.113 0.318975 0 -0.75
3.27256 -6.24952 0 1.10736 0.32987 0 -0.75
3.34013 -6.22901 0 1.10162 0.340711 0 -0.75
3.40761 -6.20775 0 1.09577 0.351496 0 -0.75
3.47499 -6.18575 0 1.08981 0.362225 0 -0.75
3.54226 -6.163 0 1.08374 0.372896 0 -0.75
3.60942 -6.13949 0 1.07757 0.383508 0 -0.75
3.67645 -6.11524 0 1.0713 0.394061 0 -0.75
3.74335 -6.09023 0 1.06492 0.404553 0 -0.75
3.8101 -6.06446 0 1.05844 0.414984 0 -0.75
3.8767 -6.03794 0 1.05186 0.425351 0 -0.75
3.94314 -6.01066 0 1.04517 0.435656 0 -0.75
4.00941 -5.98263 0 1.03838 0.445895 0 -0.75
4.07549 -5.95383 0 1.03149 0.456069 0 -0.75
4.14138 -5.92427 0 1.0245 0.466177 0 -0.75
4.20707 -5.89395 0 1.0174 0.476216 0 -0.75
4.27255 -5.86287 0 1.01021 0.486188 0 -0.75
4.3378 -5.83103 0 1.00292 0.496089 0 -0.75
4.40283 -5.79843 0 0.995531 0.505921 0 -0.75
4.46761 -5.76506 0 0.988045 0.515681 0 -0.75
4.53214 -5.73094 0 0.980461 0.525368 0 -0.75
4.59641 -5.69605 0 0.97278 0.534983 0 -0.75
4.66041 -5.6604 0 0.965004 0.544522 0 -0.75
4.72412 -5.62398 0 0.957133 0.553987 0 -0.75
4.78754 -5.58681 0 0.949167 0.563376 0 -0.75
4.85066 -5.54888 0 0.941108 0.572687 0 -0.75
4.91346 -5.51018 0 0.932956 0.581921 0 -0.75
4.97593 -5.47073 0 0.924711 0.591076 0 -0.75
5.03807 -5.43053 0 0.916375 0.60015 0 -0.75
5.09987 -5.38957 0 0.907948 0.609144 0 -0.75
5.1613 -5.34785 0 0.899431 0.618057 0 -0.75
5.22237 -5.30538 0 0.890825 0.626887 0 -0.75
5.28306 -5.26216 0 0.88213 0.635633 0 -0.75
5.34336 -5.2182 0 0.873347 0.644295 0 -0.75
5.40326 -5.17349 0 0.864477 0.652872 0 -0.75
5.46275 -5.12803 0 0.855521 0.661363 0 -0.75
5.52181 -5.08184 0 0.84648 0.669767 0 -0.75
5.58045 -5.03491 0 0.837354 0.678083 0 -0.75
5.63863 -4.98724 0 0.828144 0.68631 0 -0.75
5.69636 -4.93884 0 0.818851 0.694448 0 -0.75
5.75363 -4.88971 0 0.809477 0.702495 0 -0.75
5.81041 -4.83986 0 0.80002 0.710451 0 -0.75
5.86671 -4.78929 0 0.790484 0.718315 0 -0.75
5.92251 -4.738 0 0.780868 0.726086 0 -0.75
5.97779 -4.686 0 0.771173 0.733764 0 -0.75
6.03256 -4.63328 0 0.7614 0.741347 0 -0.75
6.08679 -4.57987 0 0.751551 0.748835 0 -0.75
6.14047 -4.52576 0 0.741625 0.756226 0 -0.75
6.19361 -4.47095 0 0.731625 0.763521 0 -0.75
6.24617 -4.41545 0 0.72155 0.770718 0 -0.75
6.29816 -4.35927 0 0.711403 0.777816 0 -0.75
6.34956 -4.30241 0 0.701183 0.784815 0 -0.75
6.40036 -4.24488 0 0.690891 0.791714 0 -0.75
6.45055 -4.18668 0 0.680529 0.798513 0 -0.75
6.50012 -4.12782 0 0.670098 0.80521 0 -0.75
6.54905 -4.06831 0 0.659599 0.811804 0 -0.75
6.59735 -4.00815 0 0.649032 0.818296 0 -0.75
6.64499 -3.94735 0 0.638399 0.824684 0 -0.75
6.69197 -3.88592 0 0.627701 0.830968 0 -0.75
6.73827 -3.82386 0 0.616938 0.837146 0 -0.75
6.78389 -3.76118 0 0.606112 0.843219 0 -0.75
6.82882 -3.69789 0 0.595223 0.849185 0 -0.75
6.87304 -3.634 0 0.584274 0.855045 0 -0.75
6.91654 -3.56951 0 0.573264 0.860796 0 -0.75
6.95932 -3.50444 0 0.562195 0.866439 0 -0.75
7.00136 -3.43879 0 0.551068 0.871973 0 -0.75
7.04266 -3.37257 0 0.539884 0.877397 0 -0.75
7.0832 -3.30578 0 0.528645 0.882711 0 -0.75
7.12298 -3.23845 0 0.51735 0.887914 0 -0.75
7.16198 -3.17057 0 0.506002 0.893005 0 -0.75
7.2002 -3.10216 0 0.494602 0.897984 0 -0.75
7.23763 -3.03323 0 0.48315 0.902851 0 -0.75
7.27425 -2.96378 0 0.471648 0.907604 0 -0.75
7.31006 -2.89383 0 0.460097 0.912243 0 -0.75
7.34506 -2.82339 0 0.448498 0.916768 0 -0.75
7.37922 -2.75247 0 0.436853 0.921178 0 -0.75
7.41255 -2.68107 0 0.425161 0.925473 0 -0.75
7.44503 -2.60922 0 0.413426 0.929652 0 -0.75
7.47666 -2.53691 0 0.401647 0.933714 0 -0.75
7.50742 -2.46416 0 0.389826 0.93766 0 -0.75
7.53732 -2.39099 0 0.377964 0.941487 0 -0.75
7.56634 -2.3174 0 0.366063 0.945198 0 -0.75
7.59448 -2.24341 0 0.354123 0.948789 0 -0.75
7.62172 -2.16903 0 0.342146 0.952263 0 -0.75
7.64806 -2.09426 0 0.330133 0.955617 0 -0.75
7.6735 -2.01913 0 0.318086 0.958851 0 -0.75
7.69803 -1.94365 0 0.306005 0.961966 0 -0.75
7.72164 -1.86782 0 0.293891 0.96496 0 -0.75
7.74432 -1.79166 0 0.281747 0.967833 0 -0.75
7.76607 -1.71518 0 0.269573 0.970586 0 -0.75
7.78688 -1.6384 0 0.257371 0.973217 0 -0.75
7.80676 -1.56133 0 0.245141 0.975726 0 -0.75
7.82568 -1.48397 0 0.232886 0.978114 0 -0.75
7.84365 -1.40636 0 0.220606 0.980379 0 -0.75
7.86067 -1.32849 0 0.208302 0.982522 0 -0.75
7.87672 -1.25039 0 0.195977 0.984541 0 -0.75
7.8918 -1.17206 0 0.183631 0.986438 0 -0.75
7.90592 -1.09352 0 0.171265 0.988211 0 -0.75
7.91906 -1.01478 0 0.158881 0.989861 0 -0.75
7.93122 -0.935866 0 0.146481 0.991387 0 -0.75
7.94241 -0.85678 0 0.134065 0.99279 0 -0.75
7.9526 -0.777538 0 0.121634 0.994068 0 -0.75
7.96182 -0.698157 0 0.109191 0.995221 0 -0.75
7.97004 -0.618649 0 0.0967363 0.996251 0 -0.75
7.97727 -0.53903 0 0.0842712 0.997156 0 -0.75
7.9835 -0.459313 0 0.0717972 0.997936 0 -0.75
7.98874 -0.379513 0 0.0593155 0.998592 0 -0.75
7.99299 -0.299644 0 0.0468276 0.999122 0 -0.75
7.99623 -0.219721 0 0.0343346 0.999528 0 -0.75
7.99848 -0.139758 0 0.021838 0.999809 0 -0.75
7.99973 -0.0597701 0 0.00933913 0.999965 0 -0.75
7.99997 0.0202289 0 -0.00316077 0.999996 0 -0.75
7.99922 0.100224 0 -0.0156603 0.999902 0 -0.75
7.99747 0.180201 0 -0.0281582 0.999683 0 -0.75
7.99472 0.260146 0 -0.0406531 0.999338 0 -0.75
7.99097 0.340043 0 -0.0531437 0.99887 0 -0.75
7.98622 0.419879 0 -0.0656287 0.998276 0 -0.75
7.98047 0.499639 0 -0.0781067 0.997557 0 -0.75
7.97373 0.579308 0 -0.0905763 0.996714 0 -0.75
7.966 0.658873 0 -0.103036 0.995746 0 -0.75
7.95728 0.738319 0 -0.115486 0.994654 0 -0.75
7.94757 0.817631 0 -0.127922 0.993437 0 -0.75
7.93687 0.896796 0 -0.140346 0.992096 0 -0.75
7.9252 0.975799 0 -0.152754 0.990631 0 -0.75
7.91254 1.05463 0 -0.165146 0.989042 0 -0.75
7.8989 1.13326 0 -0.177521 0.98733 0 -0.75
7.8843 1.2117 0 -0.189877 0.985494 0 -0.75
7.86872 1.28992 0 -0.202213 0.983535 0 -0.75
7.85218 1.3679 0 -0.214527 0.981453 0 -0.75
7.83468 1.44564 0 -0.226819 0.979249 0 -0.75
7.81623 1.52313 0 -0.239087 0.976922 0 -0.75
7.79682 1.60034 0 -0.251329 0.974473 0 -0.75
7.77647 1.67727 0 -0.263545 0.971901 0 -0.75
7.75519 1.75389 0 -0.275733 0.969209 0 -0.75
7.73296 1.83021 0 -0.287892 0.966395 0 -0.75
7.70981 1.90621 0 -0.300021 0.963461 0 -0.75
7.68574 1.98186 0 -0.312118 0.960406 0 -0.75
7.66075 2.05717 0 -0.324183 0.95723 0 -0.75
7.63485 2.13212 0 -0.336213 0.953935 0 -0.75
7.60805 2.20669 0 -0.348208 0.950521 0 -0.75
7.58036 2.28088 0 -0.360166 0.946988 0 -0.75
7.55178 2.35467 0 -0.372086 0.943336 0 -0.75
7.52231 2.42805 0 -0.383968 0.939566 0 -0.75
7.49197 2.50101 0 -0.395809 0.935679 0 -0.75
7.46077 2.57353 0 -0.407609 0.931674 0 -0.75
7.42871 2.64561 0 -0.419366 0.927553 0 -0.75
7.3958 2.71724 0 -0.431079 0.923316 0 -0.75
7.36205 2.7884 0 -0.442748 0.918963 0 -0.75
7.32746 2.85908 0 -0.45437 0.914494 0 -0.75
7.29205 2.92927 0 -0.465945 0.909911 0 -0.75
7.25583 2.99897 0 -0.477471 0.905214 0 -0.75
7.2188 3.06816 0 -0.488948 0.900404 0 -0.75
7.18097 3.13682 0 -0.500374 0.89548 0 -0.75
7.14235 3.20497 0 -0.511748 0.890444 0 -0.75
7.10296 3.27257 0 -0.523069 0.885297 0 -0.75
7.06279 3.33963 0 -0.534336 0.880037 0 -0.75
7.02187 3.40613 0 -0.545547 0.874668 0 -0.75
6.98019 3.47206 0 -0.556702 0.869188 0 -0.75
6.93777 3.53742 0 -0.5678 0.863599 0 -0.75
6.89463 3.6022 0 -0.578839 0.857901 0 -0.75
6.85076 3.66639 0 -0.589819 0.852095 0 -0.75
6.80618 3.72998 0 -0.600737 0.846181 0 -0.75
6.76091 3.79296 0 -0.611594 0.840161 0 -0.75
6.71494 3.85532 0 -0.622389 0.834035 0 -0.75
6.66829 3.91707 0 -0.633119 0.827803 0 -0.75
6.62098 3.97818 0 -0.643785 0.821467 0 -0.749999
6.573 4.03866 0 -0.654384 0.815026 0 -0.749999
6.52438 4.09849 0 -0.664917 0.808482 0 -0.749999
6.47513 4.15767 0 -0.675382 0.801836 0 -0.749999
6.42524 4.2162 0 -0.685778 0.795087 0 -0.749999
6.37474 4.27406 0 -0.696105 0.788238 0 -0.749999
6.32364 4.33125 0 -0.70636 0.781288 0 -0.749999
6.27194 4.38777 0 -0.716544 0.774239 0 -0.749999
6.21966 4.4436 0 -0.726655 0.76709 0 -0.749999
6.16681 4.49875 0 -0.736692 0.759844 0 -0.749999
6.11339 4.55321 0 -0.746654 0.7525 0 -0.749999
6.05943 4.60697 0 -0.756542 0.74506 0 -0.749999
6.00493 4.66003 0 -0.766352 0.737524 0 -0.749999
5.9499 4.71238 0 -0.776086 0.729893 0 -0.749999
5.89435 4.76403 0 -0.785741 0.722168 0 -0.749999
5.8383 4.81495 0 -0.795317 0.71435 0 -0.749999
5.78176 4.86516 0 -0.804813 0.706439 0 -0.749999
5.72473 4.91465 0 -0.814228 0.698437 0 -0.749999
5.66723 4.96341 0 -0.823561 0.690344 0 -0.749999
5.60926 5.01144 0 -0.832812 0.68216 0 -0.749999
5.55085 5.05873 0 -0.84198 0.673888 0 -0.749999
5.492 5.10529 0 -0.851063 0.665528 0 -0.749999
5.43272 5.15111 0 -0.860061 0.65708 0 -0.749999
5.37302 5.19619 0 -0.868974 0.648545 0 -0.749999
5.31292 5.24053 0 -0.8778 0.639925 0 -0.749999
5.25242 5.28411 0 -0.886538 0.63122 0 -0.749999
5.19154 5.32695 0 -0.895188 0.622432 0 -0.749999
5.13028 5.36904 0 -0.90375 0.61356 0 -0.749999
5.06866 5.41038 0 -0.912221 0.604606 0 -0.749999
5.00669 5.45096 0 -0.920602 0.595571 0 -0.749999
4.94438 5.49078 0 -0.928892 0.586456 0 -0.749999
4.88174 5.52985 0 -0.93709 0.577261 0 -0.749999
4.81877 5.56816 0 -0.945196 0.567988 0 -0.749999
4.7555 5.6057 0 -0.953208 0.558638 0 -0.749999
4.69193 5.64249 0 -0.961126 0.54921 0 -0.749999
4.62808 5.67852 0 -0.968949 0.539707 0 -0.749999
4.56394 5.71379 0 -0.976676 0.53013 0 -0.749999
4.49954 5.74829 0 -0.984308 0.520478 0 -0.749999
4.43488 5.78203 0 -0.991843 0.510754 0 -0.749999
4.36997 5.81501 0 -0.999281 0.500958 0 -0.749999
4.30483 5.84723 0 -1.00662 0.491091 0 -0.749999
4.23946 5.87869 0 -1.01386 0.481154 0 -0.749999
4.17387 5.90938 0 -1.021 0.471148 0 -0.749999
4.10808 5.93932 0 -1.02804 0.461073 0 -0.749999
4.04209 5.96849 0 -1.03498 0.450932 0 -0.749999
3.97592 5.9969 0 -1.04182 0.440725 0 -0.749999
3.90956 6.02455 0 -1.04856 0.430453 0 -0.749999
3.84304 6.05145 0 -1.0552 0.420116 0 -0.749999
3.77636 6.07759 0 -1.06173 0.409717 0 -0.749999
3.70954 6.10297 0 -1.06816 0.399255 0 -0.749999
3.64257 6.1276 0 -1.07449 0.388732 0 -0.749999
3.57547 6.15147 0 -1.08071 0.378149 0 -0.749999
3.50826 6.1746 0 -1.08682 0.367507 0 -0.749999
3.44093 6.19697 0 -1.09283 0.356806 0 -0.749999
3.3735 6.2186 0 -1.09874 0.346049 0 -0.749999
3.30597 6.23948 0 -1.10454 0.335236 0 -0.749999
3.23836 6.25961 0 -1.11023 0.324367 0 -0.749999
3.17068 6.27901 0 -1.11581 0.313444 0 -0.749999
3.10292 6.29766 0 -1.12128 0.302469 0 -0.749999
3.03511 6.31558 0 -1.12665 0.291441 0 -0.749999
2.96725 6.33276 0 -1.13191 0.280363 0 -0.749999
2.89935 6.34921 0 -1.13706 0.269234 0 -0.749999
2.83141 6.36492 0 -1.14209 0.258057 0 -0.749999
2.76345 6.37991 0 -1.14702 0.246831 0 -0.749999
2.69547 6.39418 0 -1.15184 0.235559 0 -0.749999
2.62749 6.40772 0 -1.15654 0.224241 0 -0.749999
2.5595 6.42054 0 -1.16114 0.212879 0 -0.749999
2.49152 6.43265 0 -1.16562 0.201473 0 -0.749999
2.42355 6.44404 0 -1.16999 0.190024 0 -0.749999
2.35561 6.45473 0 -1.17425 0.178534 0 -0.749999
2.28769 6.4647 0 -1.17839 0.167003 0 -0.749999
2.21982 6.47397 0 -1.18242 0.155433 0 -0.749999
2.15198 6.48254 0 -1.18634 0.143825 0 -0.749999
2.0842 6.49041 0 -1.19014 0.132179 0 -0.749999
2.01648 6.49759 0 -1.19383 0.120497 0 -0.749999
1.94883 6.50408 0 -1.1974 0.10878 0 -0.749999
1.88125 6.50988 0 -1.20086 0.0970294 0 -0.749999
1.81375 6.515 0 -1.2042 0.0852455 0 -0.749999
1.74633 6.51943 0 -1.20743 0.0734298 0 -0.749999
1.67901 6.52319 0 -1.21054 0.0615833 0 -0.749999
1.61179 6.52628 0 -1.21354 0.0497072 0 -0.749999
1.54468 6.52869 0 -1.21642 0.0378024 0 -0.749999
1.47768 6.53045 0 -1.21918 0.0258702 0 -0.749999
1.4108 6.53154 0 -1.22182 0.0139117 0 -0.749999
1.34405 6.53197 0 -1.22435 0.00192782 0 -0.749999
1.27743 6.53175 0 -1.22676 -0.0100802 0 -0.749999
1.21094 6.53088 0 -1.22905 -0.0221113 0 -0.749999
1.14461 6.52936 0 -1.23122 -0.0341644 0 -0.749999
1.07842 6.5272 0 -1.23328 -0.0462383 0 -0.749999
1.01239 6.5244 0 -1.23522 -0.058332 0 -0.749999
0.946517 6.52097 0 -1.23704 -0.0704443 0 -0.749999
0.880816 6.51691 0 -1.23874 -0.0825741 0 -0.749999
0.815287 6.51223 0 -1.24032 -0.0947203 0 -0.749999
0.749937 6.50692 0 -1.24178 -0.106882 0 -0.749999
0.684772 6.50099 0 -1.24312 -0.119057 0 -0.749999
0.619795 6.49446 0 -1.24435 -0.131246 0 -0.749999
0.555014 6.48731 0 -1.24545 -0.143447 0 -0.749999
0.490432 6.47956 0 -1.24643 -0.155658 0 -0.749999
0.426055 6.47121 0 -1.2473 -0.167879 0 -0.749999
0.361889 6.46226 0 -1.24804 -0.180109 0 -0.749999
0.297937 6.45272 0 -1.24867 -0.192346 0 -0.749999
0.234204 6.44259 0 -1.24917 -0.204589 0 -0.749999
0.170697 6.43188 0 -1.24956 -0.216837 0 -0.749999
0.107418 6.42059 0 -1.24982 -0.22909 0 -0.749999
0.0443729 6.40873 0 -1.24997 -0.241345 0 -0.749999
-0.0184338 6.39629 0 -1.24999 -0.253602 0 -0.749999
-0.0809978 6.38329 0 -1.2499 -0.26586 0 -0.749999
-0.143315 6.36973 0 -1.24968 -0.278117 0 -0.749999
-0.20538 6.35561 0 -1.24935 -0.290372 0 -0.749999
-0.26719 6.34094 0 -1.24889 -0.302625 0 -0.749999
-0.32874 6.32572 0 -1.24832 -0.314873 0 -0.749999
-0.390026 6.30996 0 -1.24762 -0.327117 0 -0.749999
-0.451045 6.29365 0 -1.2468 -0.339354 0 -0.749999
-0.511791 6.27682 0 -1.24587 -0.351584 0 -0.749999
-0.572262 6.25945 0 -1.24481 -0.363805 0 -0.749999
-0.632453 6.24155 0 -1.24363 -0.376016 0 -0.749999
-0.692361 6.22314 0 -1.24233 -0.388217 0 -0.749999
-0.751983 6.2042 0 -1.24092 -0.400406 0 -0.749999
-0.811313 6.18476 0 -1.23938 -0.412581 0 -0.749999
-0.87035 6.1648 0 -1.23773 -0.424742 0 -0.749999
-0.929089 6.14434 0 -1.23595 -0.436888 0 -0.749999
-0.987527 6.12338 0 -1.23405 -0.449018 0 -0.749999
-1.04566 6.10193 0 -1.23204 -0.461129 0 -0.749999
-1.10349 6.07998 0 -1.22991 -0.473222 0 -0.749999
-1.161 6.05755 0 -1.22765 -0.485295 0 -0.749999
-1.2182 6.03463 0 -1.22528 -0.497346 0 -0.749999
-1.27509 6.01124 0 -1.22279 -0.509375 0 -0.749999
-1.33165 5.98737 0 -1.22018 -0.521381 0 -0.749999
-1.38789 5.96304 0 -1.21746 -0.533363 0 -0.749999
-1.44381 5.93824 0 -1.21461 -0.545318 0 -0.749999
-1.4994 5.91298 0 -1.21165 -0.557247 0 -0.749999
-1.55465 5.88727 0 -1.20857 -0.569147 0 -0.749999
-1.60957 5.8611 0 -1.20537 -0.581019 0 -0.749999
-1.66415 5.83448 0 -1.20206 -0.59286 0 -0.749999
-1.7184 5.80743 0 -1.19863 -0.60467 0 -0.749999
-1.7723 5.77993 0 -1.19508 -0.616447 0 -0.749999
-1.82585 5.752 0 -1.19142 -0.62819 0 -0.749999
-1.87906 5.72364 0 -1.18764 -0.639899 0 -0.749999
-1.93192 5.69485 0 -1.18374 -0.651571 0 -0.749999
-1.98443 5.66564 0 -1.17973 -0.663207 0 -0.749999
-2.03658 5.63602 0 -1.1756 -0.674804 0 -0.749999
-2.08837 5.60598 0 -1.17136 -0.686362 0 -0.749999
-2.13981 5.57553 0 -1.16701 -0.69788 0 -0.749999
-2.19088 5.54468 0 -1.16254 -0.709356 0 -0.749999
-2.24159 5.51342 0 -1.15795 -0.720789 0 -0.749999
-2.29194 5.48177 0 -1.15326 -0.732178 0 -0.749999
-2.34191 5.44973 0 -1.14845 -0.743522 0 -0.749999
-2.39152 5.4173 0 -1.14353 -0.754821 0 -0.749999
-2.44075 5.38449 0 -1.13849 -0.766072 0 -0.749999
-2.48962 5.3513 0 -1.13335 -0.777274 0 -0.749999
-2.5381 5.31773 0 -1.12809 -0.788428 0 -0.749999
-2.58621 5.28379 0 -1.12273 -0.799531 0 -0.749999
-2.63394 5.24948 0 -1.11725 -0.810582 0 -0.749999
-2.68129 5.21481 0 -1.11166 -0.821581 0 -0.749999
-2.72825 5.17978 0 -1.10597 -0.832525 0 -0.749999
-2.77483 5.14439 0 -1.10016 -0.843415 0 -0.749999
-2.82103 5.10866 0 -1.09425 -0.854249 0 -0.749999
-2.86683 5.07257 0 -1.08823 -0.865026 0 -0.749999
-2.91225 5.03615 0 -1.0821 -0.875745 0 -0.749999
-2.95727 4.99938 0 -1.07587 -0.886405 0 -0.749999
-3.00191 4.96228 0 -1.06953 -0.897004 0 -0.749999
-3.04615 4.92484 0 -1.06308 -0.907542 0 -0.749999
-3.08999 4.88708 0 -1.05653 -0.918018 0 -0.749999
-3.13344 4.849 0 -1.04987 -0.92843 0 -0.749999
-3.17649 4.81059 0 -1.04311 -0.938778 0 -0.749999
-3.21914 4.77187 0 -1.03625 -0.94906 0 -0.749999
-3.26138 4.73284 0 -1.02928 -0.959276 0 -0.749999
-3.30323 4.6935 0 -1.02222 -0.969424 0 -0.749999
-3.34467 4.65385 0 -1.01505 -0.979504 0 -0.749999
-3.38571 4.61391 0 -1.00778 -0.989514 0 -0.749999
-3.42634 4.57366 0 -1.00041 -0.999453 0 -0.749999
-3.46657 4.53313 0 -0.992941 -1.00932 0 -0.749999
-3.50638 4.4923 0 -0.985374 -1.01911 0 -0.749999
-3.54579 4.45119 0 -0.977708 -1.02884 0 -0.749999
-3.58479 4.4098 0 -0.969946 -1.03848 0 -0.749999
-3.62337 4.36813 0 -0.962086 -1.04805 0 -0.749999
-3.66155 4.32618 0 -0.954131 -1.05755 0 -0.749999
-3.69931 4.28397 0 -0.946081 -1.06696 0 -0.749999
-3.73665 4.24148 0 -0.937937 -1.0763 0 -0.749999
-3.77358 4.19874 0 -0.929699 -1.08556 0 -0.749999
-3.81009 4.15573 0 -0.921368 -1.09474 0 -0.749999
-3.84619 4.11247 0 -0.912945 -1.10383 0 -0.749999
-3.88187 4.06895 0 -0.904431 -1.11285 0 -0.749999
-3.91712 4.02519 0 -0.895826 -1.12178 0 -0.749999
-3.95196 3.98117 0 -0.887132 -1.13062 0 -0.749999
-3.98638 3.93692 0 -0.878349 -1.13938 0 -0.749999
-4.02038 3.89243 0 -0.869478 -1.14806 0 -0.749999
-4.05395 3.8477 0 -0.860519 -1.15664 0 -0.749999
-4.0871 3.80275 0 -0.851475 -1.16514 0 -0.749999
-4.11983 3.75756 0 -0.842345 -1.17356 0 -0.749999
-4.15213 3.71215 0 -0.83313 -1.18188 0 -0.749999
-4.18401 3.66652 0 -0.823832 -1.19011 0 -0.749999
-4.21546 3.62067 0 -0.81445 -1.19825 0 -0.749999
-4.24648 3.5746 0 -0.804987 -1.20629 0 -0.749999
-4.27708 3.52832 0 -0.795443 -1.21425 0 -0.749999
-4.30725 3.48184 0 -0.785819 -1.2221 0 -0.749999
-4.33699 3.43515 0 -0.776115 -1.22987 0 -0.749999
-4.3663 3.38827 0 -0.766334 -1.23754 0 -0.749999
-4.39518 3.34118 0 -0.756475 -1.24511 0 -0.749999
-4.42363 3.2939 0 -0.746539 -1.25259 0 -0.749999
-4.45165 3.24643 0 -0.736529 -1.25996 0 -0.749999
-4.47924 3.19877 0 -0.726444 -1.26724 0 -0.749999
-4.5064 3.15092 0 -0.716285 -1.27442 0 -0.749999
-4.53313 3.1029 0 -0.706054 -1.2815 0 -0.749999
-4.55942 3.0547 0 -0.695752 -1.28847 0 -0.749999
-4.58528 3.00632 0 -0.685379 -1.29535 0 -0.749999
-4.6107 2.95777 0 -0.674937 -1.30212 0 -0.749999
-4.6357 2.90905 0 -0.664426 -1.30879 0 -0.749999
-4.66025 2.86017 0 -0.653848 -1.31535 0 -0.749999
-4.68437 2.81113 0 -0.643204 -1.32181 0 -0.749999
-4.70806 2.76192 0 -0.632495 -1.32817 0 -0.749999
-4.73131 2.71257 0 -0.621721 -1.33442 0 -0.749999
-4.75413 2.66305 0 -0.610884 -1.34056 0 -0.749999
-4.7765 2.61339 0 -0.599985 -1.34659 0 -0.749999
-4.79844 2.56359 0 -0.589025 -1.35252 0 -0.749999
-4.81995 2.51364 0 -0.578006 -1.35834 0 -0.749999
-4.84101 2.46355 0 -0.566927 -1.36404 0 -0.749999
-4.86164 2.41332 0 -0.555791 -1.36964 0 -0.749999
-4.88183 2.36296 0 -0.544598 -1.37513 0 -0.749999
-4.90158 2.31247 0 -0.53335 -1.3805 0 -0.749999
-4.92089 2.26185 0 -0.522047 -1.38577 0 -0.749999
-4.93977 2.21111 0 -0.510691 -1.39092 0 -0.749999
-4.9582 2.16025 0 -0.499283 -1.39596 0 -0.749999
-4.97619 2.10926 0 -0.487825 -1.40088 0 -0.749999
-4.99375 2.05816 0 -0.476316 -1.40569 0 -0.749999
-5.01086 2.00695 0 -0.464759 -1.41039 0 -0.749999
-5.02754 1.95563 0 -0.453154 -1.41497 0 -0.749999
-5.04377 1.9042 0 -0.441503 -1.41943 0 -0.749999
-5.05956 1.85267 0 -0.429807 -1.42378 0 -0.749999
-5.07491 1.80104 0 -0.418067 -1.42801 0 -0.749999
-5.08982 1.74931 0 -0.406285 -1.43213 0 -0.749999
-5.10429 1.69749 0 -0.39446 -1.43613 0 -0.749999
-5.11832 1.64557 0 -0.382596 -1.44001 0 -0.749999
-5.1319 1.59357 0 -0.370692 -1.44377 0 -0.749999
-5.14504 1.54148 0 -0.35875 -1.44741 0 -0.749999
-5.15774 1.4893 0 -0.346772 -1.45094 0 -0.749999
-5.17 1.43705 0 -0.334758 -1.45434 0 -0.749999
-5.18182 1.38472 0 -0.32271 -1.45762 0 -0.749999
-5.19319 1.33231 0 -0.310628 -1.46079 0 -0.749999
-5.20412 1.27984 0 -0.298515 -1.46383 0 -0.749999
-5.21461 1.22729 0 -0.286372 -1.46675 0 -0.749999
-5.22465 1.17468 0 -0.274199 -1.46955 0 -0.749999
-5.23425 1.12201 0 -0.261997 -1.47223 0 -0.749999
-5.24341 1.06928 0 -0.249769 -1.47479 0 -0.749999
-5.25212 1.01649 0 -0.237516 -1.47723 0 -0.749999
-5.26039 0.963643 0 -0.225238 -1.47954 0 -0.749999
-5.26822 0.910747 0 -0.212936 -1.48173 0 -0.749999
-5.2756 0.857804 0 -0.200613 -1.4838 0 -0.749999
-5.28254 0.804815 0 -0.18827 -1.48574 0 -0.749999
-5.28904 0.751783 0 -0.175907 -1.48756 0 -0.749999
-5.29509 0.698711 0 -0.163526 -1.48926 0 -0.749999
-5.3007 0.645602 0 -0.151128 -1.49083 0 -0.749999
-5.30586 0.592459 0 -0.138715 -1.49228 0 -0.749999
-5.31058 0.539285 0 -0.126287 -1.4936 0 -0.749999
-5.31485 0.486082 0 -0.113847 -1.4948 0 -0.749999
-5.31868 0.432853 0 -0.101394 -1.49588 0 -0.749999
-5.32207 0.379602 0 -0.0889316 -1.49683 0 -0.749999
-5.32501 0.32633 0 -0.0764598 -1.49766 0 -0.749999
-5.32751 0.273041 0 -0.0639802 -1.49836 0 -0.749999
-5.32957 0.219738 0 -0.051494 -1.49894 0 -0.749999
-5.33117 0.166423 0 -0.0390024 -1.49939 0 -0.749999
-5.33234 0.1131 0 -0.0265069 -1.49972 0 -0.749999
-5.33306 0.05977 0 -0.0140087 -1.49992 0 -0.749999
-5.33334 0.00643724 0 -0.00150897 -1.5 0 -0.749999
-5.33317 -0.0468958 0 0.0109909 -1.49995 0 -0.749999
-5.33255 -0.100226 0 0.0234896 -1.49978 0 -0.749999
-5.3315 -0.153552 0 0.0359859 -1.49948 0 -0.749999
-5.32999 -0.206869 0 0.0484785 -1.49906 0 -0.749999
-5.32805 -0.260175 0 0.0609661 -1.49851 0 -0.749999
-5.32566 -0.313468 0 0.0734475 -1.49784 0 -0.749999
-5.32282 -0.366744 0 0.0859213 -1.49704 0 -0.749999
-5.31954 -0.42 0 0.0983863 -1.49612 0 -0.749999
-5.31582 -0.473235 0 0.110841 -1.49508 0 -0.749999
-5.31165 -0.526444 0 0.123285 -1.4939 0 -0.749999
-5.30704 -0.579626 0 0.135715 -1.49261 0 -0.749999
-5.30198 -0.632776 0 0.148132 -1.49119 0 -0.749999
-5.29648 -0.685894 0 0.160534 -1.48965 0 -0.749999
-5.29054 -0.738975 0 0.172919 -1.48798 0 -0.749999
-5.28415 -0.792017 0 0.185287 -1.48619 0 -0.749999
-5.27732 -0.845016 0 0.197635 -1.48428 0 -0.749999
-5.27004 -0.897971 0 0.209963 -1.48224 0 -0.749999
-5.26232 -0.950879 0 0.22227 -1.48008 0 -0.749999
-5.25416 -1.00374 0 0.234553 -1.4778 0 -0.749999
-5.24555 -1.05654 0 0.246813 -1.47539 0 -0.749999
-5.2365 -1.10929 0 0.259047 -1.47286 0 -0.749999
-5.22701 -1.16197 0 0.271255 -1.47021 0 -0.749999
-5.21707 -1.2146 0 0.283435 -1.46744 0 -0.749999
-5.20669 -1.26716 0 0.295586 -1.46455 0 -0.749999
-5.19587 -1.31965 0 0.307707 -1.46153 0 -0.749999
-5.1846 -1.37208 0 0.319796 -1.4584 0 -0.749999
-5.17289 -1.42442 0 0.331852 -1.45514 0 -0.749999
-5.16074 -1.4767 0 0.343874 -1.45177 0 -0.749999
-5.14815 -1.52889 0 0.355862 -1.44827 0 -0.749999
-5.13511 -1.581 0 0.367812 -1.44466 0 -0.749999
-5.12164 -1.63303 0 0.379725 -1.44093 0 -0.749999
-5.10772 -1.68496 0 0.391599 -1.43708 0 -0.749999
-5.09335 -1.73681 0 0.403434 -1.43311 0 -0.749999
-5.07855 -1.78856 0 0.415226 -1.42902 0 -0.749999
-5.06331 -1.84022 0 0.426977 -1.42481 0 -0.749999
-5.04762 -1.89177 0 0.438684 -1.42049 0 -0.749999
-5.0315 -1.94323 0 0.450345 -1.41606 0 -0.749999
-5.01493 -1.99457 0 0.461961 -1.4115 0 -0.749999
-4.99792 -2.04581 0 0.47353 -1.40683 0 -0.749999
-4.98047 -2.09694 0 0.485051 -1.40205 0 -0.749999
-4.96259 -2.14795 0 0.496521 -1.39715 0 -0.749999
-4.94426 -2.19884 0 0.507942 -1.39214 0 -0.749999
-4.92549 -2.24962 0 0.51931 -1.38702 0 -0.749999
-4.90628 -2.30026 0 0.530626 -1.38178 0 -0.749999
-4.88664 -2.35079 0 0.541887 -1.37644 0 -0.749999
-4.86656 -2.40118 0 0.553094 -1.37098 0 -0.749999
-4.84603 -2.45144 0 0.564244 -1.3654 0 -0.749999
-4.82507 -2.50156 0 0.575336 -1.35972 0 -0.749999
7.9995 0.0799976 0 -0.0124998 0.999938 0 -0.75
7.998 0.159981 0 -0.0249982 0.99975 0 -0.75
7.9955 0.239935 0 -0.037494 0.999438 0 -0.75
7.992 0.319845 0 -0.0499858 0.999 0 -0.75
7.98751 0.399698 0 -0.0624723 0.998438 0 -0.75
7.98201 0.479478 0 -0.0749522 0.997751 0 -0.75
7.97553 0.559172 0 -0.0874241 0.996939 0 -0.75
7.96805 0.638764 0 -0.0998867 0.996003 0 -0.75
7.95958 0.718241 0 -0.112339 0.994942 0 -0.75
7.95011 0.797589 0 -0.124779 0.993757 0 -0.75
7.93967 0.876792 0 -0.137206 0.992447 0 -0.75
7.92824 0.955838 0 -0.149618 0.991013 0 -0.75
7.91583 1.03471 0 -0.162014 0.989456 0 -0.75
7.90244 1.1134 0 -0.174394 0.987775 0 -0.75
7.88808 1.19189 0 -0.186755 0.98597 0 -0.75
7.87275 1.27016 0 -0.199096 0.984043 0 -0.75
7.85645 1.3482 0 -0.211416 0.981992 0 -0.75
7.83919 1.42601 0 -0.223713 0.979818 0 -0.75
7.82098 1.50356 0 -0.235987 0.977522 0 -0.75
7.80182 1.58084 0 -0.248236 0.975104 0 -0.75
7.7817 1.65784 0 -0.260459 0.972563 0 -0.75
7.76065 1.73455 0 -0.272654 0.969902 0 -0.75
7.73867 1.81094 0 -0.284821 0.967118 0 -0.75
7.71575 1.88702 0 -0.296957 0.964214 0 -0.75
7.69191 1.96277 0 -0.309063 0.96119 0 -0.75
7.66715 2.03816 0 -0.321135 0.958045 0 -0.75
7.64148 2.1132 0 -0.333174 0.95478 0 -0.75
7.61491 2.18787 0 -0.345178 0.951396 0 -0.75
7.58744 2.26216 0 -0.357146 0.947893 0 -0.75
7.55908 2.33605 0 -0.369076 0.944271 0 -0.75
7.52984 2.40953 0 -0.380967 0.940531 0 -0.75
7.49972 2.4826 0 -0.392819 0.936673 0 -0.75
7.46874 2.55523 0 -0.404629 0.932698 0 -0.75
7.43689 2.62743 0 -0.416397 0.928606 0 -0.75
7.4042 2.69917 0 -0.428122 0.924398 0 -0.75
7.37066 2.77045 0 -0.439802 0.920075 0 -0.75
7.33628 2.84125 0 -0.451436 0.915635 0 -0.75
7.30108 2.91157 0 -0.463023 0.911081 0 -0.75
7.26506 2.98139 0 -0.474562 0.906413 0 -0.75
7.22823 3.05071 0 -0.486051 0.901631 0 -0.75
7.19061 3.11951 0 -0.49749 0.896736 0 -0.75
7.15219 3.18778 0 -0.508877 0.891729 0 -0.75
7.11299 3.25552 0 -0.520212 0.886609 0 -0.75
7.07302 3.32272 0 -0.531492 0.881378 0 -0.75
7.03228 3.38936 0 -0.542718 0.876036 0 -0.75
6.99079 3.45544 0 -0.553887 0.870584 0 -0.75
6.94857 3.52095 0 -0.565 0.865023 0 -0.75
6.9056 3.58587 0 -0.576054 0.859352 0 -0.75
6.86192 3.65021 0 -0.587048 0.853573 0 -0.75
6.81752 3.71395 0 -0.597982 0.847687 0 -0.75
6.77242 3.77709 0 -0.608855 0.841694 0 -0.75
6.72662 3.83961 0 -0.619665 0.835594 0 -0.75
6.68015 3.90151 0 -0.630412 0.829389 0 -0.75
6.633 3.96278 0 -0.641094 0.823079 0 -0.75
6.58519 4.02342 0 -0.651711 0.816665 0 -0.75
6.53673 4.08342 0 -0.662261 0.810147 0 -0.75
6.48764 4.14276 0 -0.672743 0.803526 0 -0.75
6.43791 4.20146 0 -0.683156 0.796803 0 -0.75
6.38756 4.25949 0 -0.6935 0.789979 0 -0.75
6.33661 4.31685 0 -0.703774 0.783055 0 -0.75
6.28506 4.37354 0 -0.713976 0.776031 0 -0.75
6.23293 4.42955 0 -0.724105 0.768907 0 -0.75
6.18022 4.48487 0 -0.734161 0.761686 0 -0.75
6.12695 4.5395 0 -0.744143 0.754366 0 -0.75
6.07312 4.59344 0 -0.754049 0.746951 0 -0.75
6.01876 4.64668 0 -0.763879 0.739439 0 -0.75
5.96386 4.69921 0 -0.773632 0.731832 0 -0.75
5.90844 4.75103 0 -0.783307 0.724131 0 -0.75
5.85252 4.80214 0 -0.792903 0.716336 0 -0.75
5.7961 4.85253 0 -0.802419 0.708448 0 -0.75
5.73919 4.9022 0 -0.811855 0.700469 0 -0.75
5.68181 4.95114 0 -0.821209 0.692399 0 -0.75
5.62396 4.99936 0 -0.830481 0.684238 0 -0.75
5.56566 5.04684 0 -0.83967 0.675988 0 -0.75
5.50692 5.09359 0 -0.848775 0.66765 0 -0.75
5.44774 5.13959 0 -0.857794 0.659224 0 -0.75
5.38815 5.18486 0 -0.866729 0.650712 0 -0.75
5.32815 5.22938 0 -0.875576 0.642113 0 -0.75
5.26775 5.27316 0 -0.884337 0.63343 0 -0.75
5.20696 5.31619 0 -0.89301 0.624662 0 -0.75
5.1458 5.35847 0 -0.901594 0.615811 0 -0.75
5.08427 5.39999 0 -0.910088 0.606878 0 -0.75
5.02239 5.44076 0 -0.918492 0.597864 0 -0.75
4.96016 5.48078 0 -0.926805 0.588769 0 -0.75
4.8976 5.52004 0 -0.935026 0.579594 0 -0.75
4.83472 5.55854 0 -0.943155 0.57034 0 -0.75
4.77153 5.59628 0 -0.951191 0.561009 0 -0.75
4.70803 5.63326 0 -0.959133 0.551601 0 -0.75
4.64425 5.66948 0 -0.96698 0.542118 0 -0.75
4.58018 5.70494 0 -0.974732 0.532559 0 -0.75
4.51585 5.73964 0 -0.982388 0.522926 0 -0.75
4.45125 5.77357 0 -0.989947 0.51322 0 -0.75
4.38641 5.80674 0 -0.997409 0.503442 0 -0.75
4.32132 5.83915 0 -1.00477 0.493593 0 -0.75
4.25601 5.8708 0 -1.01204 0.483673 0 -0.75
4.19048 5.90169 0 -1.01921 0.473684 0 -0.75
4.12474 5.93181 0 -1.02627 0.463627 0 -0.75
4.05879 5.96118 0 -1.03324 0.453503 0 -0.75
3.99267 5.98978 0 -1.0401 0.443312 0 -0.75
3.92636 6.01763 0 -1.04687 0.433056 0 -0.75
3.85988 6.04472 0 -1.05353 0.422736 0 -0.75
3.79324 6.07105 0 -1.06009 0.412352 0 -0.75
3.72645 6.09662 0 -1.06655 0.401906 0 -0.75
3.65951 6.12144 0 -1.0729 0.391399 0 -0.75
3.59245 6.1455 0 -1.07914 0.380831 0 -0.75
3.52526 6.16882 0 -1.08529 0.370203 0 -0.75
3.45796 6.19138 0 -1.09132 0.359518 0 -0.75
3.39055 6.2132 0 -1.09726 0.348775 0 -0.75
3.32305 6.23426 0 -1.10308 0.337975 0 -0.75
3.25546 6.25459 0 -1.1088 0.32712 0 -0.75
3.1878 6.27417 0 -1.11441 0.316211 0 -0.75
3.12006 6.29301 0 -1.11991 0.305249 0 -0.75
3.05226 6.31111 0 -1.1253 0.294234 0 -0.75
2.98441 6.32848 0 -1.13059 0.283169 0 -0.75
2.91652 6.34511 0 -1.13576 0.272053 0 -0.75
2.84859 6.36101 0 -1.14083 0.260888 0 -0.75
2.78064 6.37619 0 -1.14579 0.249674 0 -0.75
2.71266 6.39064 0 -1.15063 0.238414 0 -0.75
2.64468 6.40436 0 -1.15537 0.227108 0 -0.75
2.57669 6.41736 0 -1.15999 0.215756 0 -0.75
2.50871 6.42965 0 -1.1645 0.204361 0 -0.75
2.44073 6.44123 0 -1.1689 0.192923 0 -0.75
2.37278 6.45209 0 -1.17318 0.181443 0 -0.75
2.30486 6.46224 0 -1.17736 0.169923 0 -0.75
2.23697 6.47169 0 -1.18141 0.158362 0 -0.75
2.16913 6.48044 0 -1.18536 0.146764 0 -0.75
2.10134 6.48848 0 -1.18919 0.135127 0 -0.75
2.0336 6.49584 0 -1.19291 0.123454 0 -0.75
1.96593 6.5025 0 -1.19651 0.111746 0 -0.75
1.89833 6.50847 0 -1.2 0.100004 0 -0.75
1.8308 6.51376 0 -1.20337 0.0882282 0 -0.75
1.76337 6.51837 0 -1.20663 0.0764205 0 -0.75
1.69602 6.5223 0 -1.20977 0.0645817 0 -0.75
1.62878 6.52556 0 -1.21279 0.0527129 0 -0.75
1.56164 6.52814 0 -1.2157 0.0408153 0 -0.75
1.49461 6.53006 0 -1.21849 0.02889 0 -0.75
1.4277 6.53132 0 -1.22117 0.0169379 0 -0.75
1.36091 6.53192 0 -1.22372 0.00496038 0 -0.75
1.29426 6.53186 0 -1.22616 -0.00704164 0 -0.75
1.22774 6.53115 0 -1.22848 -0.019067 0 -0.75
1.16137 6.5298 0 -1.23069 -0.0311146 0 -0.75
1.09514 6.5278 0 -1.23277 -0.0431834 0 -0.75
1.02907 6.52517 0 -1.23474 -0.0552722 0 -0.75
0.963157 6.5219 0 -1.23659 -0.0673799 0 -0.75
0.897412 6.51799 0 -1.23832 -0.0795054 0 -0.75
0.83184 6.51347 0 -1.23993 -0.0916476 0 -0.75
0.766444 6.50831 0 -1.24142 -0.103805 0 -0.75
0.701231 6.50255 0 -1.24279 -0.115978 0 -0.75
0.636207 6.49616 0 -1.24405 -0.128163 0 -0.75
0.571376 6.48917 0 -1.24518 -0.140361 0 -0.75
0.506743 6.48157 0 -1.2462 -0.15257 0 -0.75
0.442314 6.47337 0 -1.24709 -0.164788 0 -0.75
0.378094 6.46457 0 -1.24787 -0.177016 0 -0.75
0.314087 6.45518 0 -1.24852 -0.189251 0 -0.75
0.250299 6.4452 0 -1.24906 -0.201493 0 -0.75
0.186734 6.43464 0 -1.24947 -0.21374 0 -0.75
0.123397 6.42349 0 -1.24977 -0.225992 0 -0.75
0.0602923 6.41178 0 -1.24994 -0.238246 0 -0.75
-0.00257507 6.39949 0 -1.25 -0.250503 0 -0.75
-0.0652008 6.38663 0 -1.24993 -0.26276 0 -0.75
-0.127581 6.37321 0 -1.24975 -0.275018 0 -0.75
-0.18971 6.35923 0 -1.24944 -0.287274 0 -0.75
-0.251585 6.3447 0 -1.24902 -0.299527 0 -0.75
-0.313201 6.32962 0 -1.24847 -0.311777 0 -0.75
-0.374554 6.31399 0 -1.24781 -0.324021 0 -0.75
-0.435641 6.29782 0 -1.24702 -0.33626 0 -0.75
-0.496456 6.28112 0 -1.24611 -0.348492 0 -0.75
-0.556997 6.26389 0 -1.24509 -0.360715 0 -0.75
-0.617259 6.24612 0 -1.24394 -0.37293 0 -0.75
-0.677239 6.22784 0 -1.24267 -0.385133 0 -0.75
-0.736933 6.20903 0 -1.24129 -0.397325 0 -0.75
-0.796338 6.18972 0 -1.23978 -0.409504 0 -0.75
-0.855449 6.16989 0 -1.23816 -0.421669 0 -0.75
-0.914264 6.14956 0 -1.23641 -0.433819 0 -0.75
-0.972778 6.12872 0 -1.23455 -0.445952 0 -0.75
-1.03099 6.10739 0 -1.23256 -0.458069 0 -0.75
-1.08889 6.08557 0 -1.23046 -0.470166 0 -0.75
-1.14649 6.06326 0 -1.22824 -0.482244 0 -0.75
-1.20377 6.04047 0 -1.22589 -0.494301 0 -0.75
-1.26073 6.0172 0 -1.22343 -0.506336 0 -0.75
-1.31738 5.99345 0 -1.22086 -0.518348 0 -0.75
-1.3737 5.96923 0 -1.21816 -0.530335 0 -0.75
-1.4297 5.94455 0 -1.21534 -0.542298 0 -0.75
-1.48537 5.91941 0 -1.21241 -0.554233 0 -0.75
-1.54071 5.89381 0 -1.20936 -0.566141 0 -0.75
-1.59571 5.86775 0 -1.20619 -0.57802 0 -0.75
-1.65038 5.84125 0 -1.20291 -0.589869 0 -0.75
-1.70471 5.8143 0 -1.19951 -0.601687 0 -0.75
-1.7587 5.78692 0 -1.19599 -0.613472 0 -0.75
-1.81234 5.7591 0 -1.19235 -0.625224 0 -0.75
-1.86564 5.73084 0 -1.1886 -0.636942 0 -0.75
-1.91859 5.70217 0 -1.18474 -0.648624 0 -0.75
-1.97118 5.67306 0 -1.18075 -0.660269 0 -0.75
-2.02342 5.64354 0 -1.17666 -0.671876 0 -0.75
-2.07531 5.61361 0 -1.17244 -0.683444 0 -0.75
-2.12683 5.58326 0 -1.16812 -0.694972 0 -0.75
-2.178 5.55251 0 -1.16368 -0.706458 0 -0.75
-2.2288 5.52136 0 -1.15912 -0.717902 0 -0.75
-2.27924 5.48981 0 -1.15446 -0.729303 0 -0.75
-2.32931 5.45787 0 -1.14968 -0.740658 0 -0.75
-2.37901 5.42554 0 -1.14478 -0.751968 0 -0.75
-2.42834 5.39282 0 -1.13978 -0.763232 0 -0.75
-2.47729 5.35972 0 -1.13466 -0.774447 0 -0.75
-2.52588 5.32625 0 -1.12943 -0.785613 0 -0.75
-2.57408 5.2924 0 -1.12409 -0.796728 0 -0.75
-2.6219 5.25819 0 -1.11865 -0.807793 0 -0.75
-2.66935 5.22361 0 -1.11309 -0.818805 0 -0.75
-2.71641 5.18867 0 -1.10742 -0.829763 0 -0.75
-2.76309 5.15337 0 -1.10164 -0.840667 0 -0.75
-2.80938 5.11772 0 -1.09575 -0.851516 0 -0.75
-2.85528 5.08173 0 -1.08976 -0.862307 0 -0.75
-2.9008 5.04539 0 -1.08366 -0.873041 0 -0.75
-2.94592 5.0087 0 -1.07745 -0.883715 0 -0.75
-2.99066 4.97169 0 -1.07114 -0.89433 0 -0.75
-3.035 4.93434 0 -1.06472 -0.904884 0 -0.75
-3.07894 4.89666 0 -1.05819 -0.915375 0 -0.75
-3.12249 4.85865 0 -1.05156 -0.925804 0 -0.75
-3.16564 4.82033 0 -1.04483 -0.936168 0 -0.75
-3.20839 4.78169 0 -1.03799 -0.946467 0 -0.75
-3.25074 4.74273 0 -1.03106 -0.9567 0 -0.75
-3.29268 4.70347 0 -1.02401 -0.966865 0 -0.75
-3.33423 4.6639 0 -1.01687 -0.976962 0 -0.75
-3.37537 4.62403 0 -1.00963 -0.986989 0 -0.75
-3.4161 4.58386 0 -1.00228 -0.996947 0 -0.75
-3.45643 4.5434 0 -0.994839 -1.00683 0 -0.75
-3.49635 4.50265 0 -0.987297 -1.01665 0 -0.75
-3.53586 4.46161 0 -0.979656 -1.02639 0 -0.75
-3.57496 4.42029 0 -0.971918 -1.03605 0 -0.75
-3.61365 4.37869 0 -0.964083 -1.04564 0 -0.75
-3.65193 4.33681 0 -0.956152 -1.05515 0 -0.75
-3.68979 4.29466 0 -0.948126 -1.06459 0 -0.75
-3.72724 4.25225 0 -0.940005 -1.07395 0 -0.75
-3.76428 4.20957 0 -0.931791 -1.08323 0 -0.75
-3.8009 4.16663 0 -0.923484 -1.09242 0 -0.75
-3.8371 4.12343 0 -0.915084 -1.10154 0 -0.75
-3.87288 4.07997 0 -0.906593 -1.11058 0 -0.75
-3.90825 4.03627 0 -0.898011 -1.11953 0 -0.75
-3.94319 3.99232 0 -0.889339 -1.12839 0 -0.75
-3.97771 3.94813 0 -0.880578 -1.13718 0 -0.75
-4.01182 3.9037 0 -0.871729 -1.14587 0 -0.75
-4.0455 3.85903 0 -0.862793 -1.15448 0 -0.75
-4.07876 3.81413 0 -0.85377 -1.163 0 -0.75
-4.11159 3.769 0 -0.844662 -1.17144 0 -0.75
-4.144 3.72365 0 -0.835468 -1.17978 0 -0.75
-4.17598 3.67807 0 -0.826191 -1.18803 0 -0.75
-4.20754 3.63228 0 -0.816831 -1.1962 0 -0.75
-4.23867 3.58627 0 -0.807388 -1.20427 0 -0.75
-4.26938 3.54004 0 -0.797864 -1.21224 0 -0.75
-4.29966 3.49361 0 -0.78826 -1.22013 0 -0.75
-4.32951 3.44698 0 -0.778577 -1.22792 0 -0.75
-4.35893 3.40014 0 -0.768815 -1.23561 0 -0.75
-4.38792 3.3531 0 -0.758975 -1.24321 0 -0.75
-4.41648 3.30587 0 -0.749059 -1.2507 0 -0.75
-4.44461 3.25845 0 -0.739067 -1.25811 0 -0.75
-4.47231 3.21083 0 -0.729001 -1.26541 0 -0.75
-4.49957 3.16304 0 -0.718861 -1.27261 0 -0.75
-4.52641 3.11506 0 -0.708648 -1.27972 0 -0.75
-4.55281 3.0669 0 -0.698364 -1.28672 0 -0.75
-4.57878 3.01857 0 -0.688009 -1.29362 0 -0.75
-4.60431 2.97006 0 -0.677584 -1.30042 0 -0.75
-4.62941 2.92139 0 -0.667091 -1.30711 0 -0.75
-4.65408 2.87254 0 -0.65653 -1.31371 0 -0.75
-4.67831 2.82354 0 -0.645902 -1.32019 0 -0.75
-4.70211 2.77438 0 -0.635209 -1.32657 0 -0.75
-4.72547 2.72506 0 -0.624451 -1.33285 0 -0.75
-4.74839 2.67559 0 -0.61363 -1.33902 0 -0.75
-4.77088 2.62596 0 -0.602747 -1.34508 0 -0.75
-4.79293 2.57619 0 -0.591803 -1.35103 0 -0.75
-4.81455 2.52628 0 -0.580798 -1.35688 0 -0.75
-4.83572 2.47623 0 -0.569734 -1.36261 0 -0.75
-4.85646 2.42603 0 -0.558612 -1.36824 0 -0.75
-4.87676 2.37571 0 -0.547434 -1.37375 0 -0.75
-4.89663 2.32525 0 -0.536199 -1.37915 0 -0.75
-4.91605 2.27466 0 -0.52491 -1.38445 0 -0.75
-4.93503 2.22395 0 -0.513568 -1.38963 0 -0.75
-4.95358 2.17312 0 -0.502173 -1.39469 0 -0.75
-4.97168 2.12216 0 -0.490727 -1.39965 0 -0.75
-4.98935 2.07109 0 -0.479231 -1.40449 0 -0.75
-5.00657 2.01991 0 -0.467686 -1.40921 0 -0.75
-5.02336 1.96862 0 -0.456093 -1.41382 0 -0.75
-5.0397 1.91722 0 -0.444454 -1.41832 0 -0.75
-5.05561 1.86571 0 -0.432769 -1.42269 0 -0.75
-5.07107 1.81411 0 -0.42104 -1.42696 0 -0.75
-5.08609 1.7624 0 -0.409268 -1.4311 0 -0.75
-5.10067 1.7106 0 -0.397454 -1.43513 0 -0.75
-5.11481 1.65871 0 -0.3856 -1.43904 0 -0.75
-5.1285 1.60673 0 -0.373706 -1.44283 0 -0.75
-5.14176 1.55466 0 -0.361774 -1.4465 0 -0.75
-5.15457 1.5025 0 -0.349804 -1.45006 0 -0.75
-5.16694 1.45027 0 -0.337799 -1.45349 0 -0.75
-5.17887 1.39796 0 -0.32576 -1.45681 0 -0.75
-5.19035 1.34557 0 -0.313687 -1.46 0 -0.75
-5.20139 1.29311 0 -0.301581 -1.46307 0 -0.75
-5.21199 1.24059 0 -0.289445 -1.46603 0 -0.75
-5.22215 1.18799 0 -0.277279 -1.46886 0 -0.75
-5.23186 1.13533 0 -0.265085 -1.47157 0 -0.75
-5.24113 1.08262 0 -0.252864 -1.47416 0 -0.75
-5.24996 1.02984 0 -0.240617 -1.47662 0 -0.75
-5.25834 0.977009 0 -0.228345 -1.47897 0 -0.75
-5.26628 0.924127 0 -0.216049 -1.48119 0 -0.75
-5.27377 0.871195 0 -0.203731 -1.48329 0 -0.75
-5.28083 0.818217 0 -0.191393 -1.48526 0 -0.75
-5.28743 0.765196 0 -0.179035 -1.48711 0 -0.75
-5.2936 0.712134 0 -0.166658 -1.48884 0 -0.75
-5.29932 0.659034 0 -0.154264 -1.49044 0 -0.75
-5.30459 0.6059 0 -0.141855 -1.49192 0 -0.75
-5.30942 0.552733 0 -0.129431 -1.49328 0 -0.75
-5.31381 0.499537 0 -0.116993 -1.49451 0 -0.75
-5.31775 0.446315 0 -0.104544 -1.49562 0 -0.75
-5.32125 0.393069 0 -0.0920839 -1.4966 0 -0.75
-5.32431 0.339802 0 -0.0796143 -1.49746 0 -0.75
-5.32692 0.286517 0 -0.0671365 -1.4982 0 -0.75
-5.32908 0.233217 0 -0.0546518 -1.4988 0 -0.75
-5.33081 0.179905 0 -0.0421615 -1.49929 0 -0.75
-5.33208 0.126584 0 -0.0296669 -1.49965 0 -0.75
-5.33292 0.0732554 0 -0.0171692 -1.49988 0 -0.75
-5.3333 0.0199232 0 -0.00466975 -1.49999 0 -0.75
-5.33325 -0.03341 0 0.00783019 -1.49998 0 -0.75
-5.33275 -0.0867414 0 0.0203293 -1.49983 0 -0.75
-5.3318 -0.140068 0 0.0328264 -1.49957 0 -0.75
-5.33041 -0.193388 0 0.04532 -1.49918 0 -0.75
-5.32858 -0.246697 0 0.057809 -1.49866 0 -0.75
-5.3263 -0.299993 0 0.0702921 -1.49802 0 -0.75
-5.32358 -0.353274 0 0.0827679 -1.49726 0 -0.75
-5.32041 -0.406535 0 0.0952353 -1.49637 0 -0.75
-5.3168 -0.459776 0 0.107693 -1.49535 0 -0.75
-5.31274 -0.512992 0 0.120139 -1.49421 0 -0.75
-5.30824 -0.56618 0 0.132573 -1.49295 0 -0.75
-5.3033 -0.619339 0 0.144994 -1.49156 0 -0.75
-5.29791 -0.672465 0 0.1574 -1.49005 0 -0.75
-5.29208 -0.725556 0 0.169789 -1.48841 0 -0.75
-5.2858 -0.778608 0 0.182161 -1.48666 0 -0.75
-5.27908 -0.831618 0 0.194514 -1.48477 0 -0.75
-5.27192 -0.884585 0 0.206848 -1.48277 0 -0.75
-5.26431 -0.937504 0 0.21916 -1.48064 0 -0.75
-5.25626 -0.990374 0 0.23145 -1.47839 0 -0.75
-5.24777 -1.04319 0 0.243716 -1.47601 0 -0.75
-5.23883 -1.09595 0 0.255956 -1.47351 0 -0.75
-5.22945 -1.14866 0 0.268171 -1.47089 0 -0.75
-5.21962 -1.2013 0 0.280358 -1.46815 0 -0.75
-5.20935 -1.25387 0 0.292517 -1.46529 0 -0.75
-5.19864 -1.30639 0 0.304645 -1.46231 0 -0.75
-5.18749 -1.35883 0 0.316742 -1.4592 0 -0.75
-5.17589 -1.41119 0 0.328807 -1.45598 0 -0.75
-5.16385 -1.46349 0 0.340838 -1.45263 0 -0.75
-5.15137 -1.5157 0 0.352834 -1.44917 0 -0.75
-5.13845 -1.56783 0 0.364794 -1.44559 0 -0.75
-5.12508 -1.61988 0 0.376717 -1.44188 0 -0.75
-5.11127 -1.67184 0 0.388601 -1.43806 0 -0.75
-5.09702 -1.72371 0 0.400445 -1.43412 0 -0.75
-5.08233 -1.77548 0 0.412248 -1.43006 0 -0.75
-5.0672 -1.82717 0 0.42401 -1.42589 0 -0.75
-5.05163 -1.87875 0 0.435728 -1.4216 0 -0.75
-5.03561 -1.93023 0 0.447401 -1.41719 0 -0.75
-5.01916 -1.9816 0 0.459029 -1.41267 0 -0.75
-5.00226 -2.03287 0 0.470609 -1.40803 0 -0.75
-4.98492 -2.08402 0 0.482142 -1.40327 0 -0.75
-4.96715 -2.13506 0 0.493626 -1.3984 0 -0.75
-4.94893 -2.18598 0 0.505059 -1.39342 0 -0.75
-4.93027 -2.23679 0 0.516441 -1.38833 0 -0.75
-4.91118 -2.28747 0 0.52777 -1.38312 0 -0.75
-4.89165 -2.33802 0 0.539045 -1.3778 0 -0.75
-4.87167 -2.38845 0 0.550265 -1.37237 0 -0.75
-4.85126 -2.43874 0 0.56143 -1.36682 0 -0.75
-4.83041 -2.4889 0 0.572537 -1.36117 0 -0.75
-4.80912 -2.53892 0 0.583586 -1.35541 0 -0.75
-4.7874 -2.58879 0 0.594575 -1.34954 0 -0.75
-4.76524 -2.63853 0 0.605505 -1.34356 0 -0.75
-4.74264 -2.68811 0 0.616372 -1.33747 0 -0.75
-4.7196 -2.73755 0 0.627177 -1.33127 0 -0.75
-4.69613 -2.78683 0 0.637919 -1.32497 0 -0.75
-4.67223 -2.83595 0 0.648595 -1.31856 0 -0.75
-4.64789 -2.88491 0 0.659206 -1.31205 0 -0.75
-4.62311 -2.93371 0 0.66975 -1.30543 0 -0.75
-4.5979 -2.98234 0 0.680226 -1.29871 0 -0.75
-4.57225 -3.03081 0 0.690633 -1.29189 0 -0.75
-4.54617 -3.0791 0 0.700971 -1.28496 0 -0.75
-4.51966 -3.12721 0 0.711237 -1.27793 0 -0.75
-4.49272 -3.17514 0 0.721431 -1.2708 0 -0.75
-4.46534 -3.22289 0 0.731553 -1.26357 0 -0.75
-4.43754 -3.27046 0 0.741601 -1.25624 0 -0.75
-4.4093 -3.31783 0 0.751573 -1.24882 0 -0.75
-4.38063 -3.36502 0 0.76147 -1.24129 0 -0.75
-4.35153 -3.412 0 0.77129 -1.23367 0 -0.75
-4.322 -3.45879 0 0.781032 -1.22595 0 -0.75
-4.29204 -3.50537 0 0.790696 -1.21814 0 -0.75
-4.26166 -3.55175 0 0.80028 -1.21024 0 -0.75
-4.23084 -3.59792 0 0.809783 -1.20223 0 -0.75
-4.1996 -3.64388 0 0.819205 -1.19414 0 -0.75
-4.16794 -3.68962 0 0.828544 -1.18596 0 -0.75
-4.13584 -3.73514 0 0.8378 -1.17768 0 -0.75
-4.10333 -3.78044 0 0.846972 -1.16931 0 -0.75
-4.07039 -3.82551 0 0.856059 -1.16086 0 -0.75
-4.03702 -3.87035 0 0.865061 -1.15231 0 -0.75
-4.00323 -3.91496 0 0.873975 -1.14368 0 -0.75
-3.96903 -3.95933 0 0.882802 -1.13496 0 -0.75
-3.93439 -4.00346 0 0.89154 -1.12616 0 -0.75
-3.89934 -4.04735 0 0.900189 -1.11727 0 -0.75
-3.86387 -4.09099 0 0.908748 -1.1083 0 -0.75
-3.82798 -4.13438 0 0.917216 -1.09924 0 -0.75
-3.79168 -4.17751 0 0.925593 -1.09011 0 -0.75
-3.75495 -4.22039 0 0.933877 -1.08089 0 -0.75
-3.71781 -4.263 0 0.942067 -1.07159 0 -0.75
-3.68026 -4.30535 0 0.950164 -1.06221 0 -0.75
-3.64229 -4.34743 0 0.958166 -1.05276 0 -0.75
-3.60391 -4.38924 0 0.966073 -1.04322 0 -0.75
-3.56512 -4.43077 0 0.973883 -1.03361 0 -0.75
-3.52591 -4.47202 0 0.981597 -1.02393 0 -0.75
-3.4863 -4.51298 0 0.989213 -1.01417 0 -0.75
-3.44627 -4.55366 0 0.99673 -1.00434 0 -0.75
-3.40584 -4.59405 0 1.00415 -0.994435 0 -0.75
-3.36501 -4.63414 0 1.01147 -0.98446 0 -0.75
-3.32376 -4.67394 0 1.01869 -0.974415 0 -0.75
-3.28212 -4.71343 0 1.0258 -0.964301 0 -0.75
-3.24007 -4.75262 0 1.03282 -0.954119 0 -0.75
-3.19762 -4.79149 0 1.03973 -0.943869 0 -0.75
-3.15476 -4.83005 0 1.04654 -0.933554 0 -0.75
-3.11151 -4.8683 0 1.05325 -0.923173 0 -0.75
-3.06787 -4.90622 0 1.05985 -0.912728 0 -0.75
-3.02382 -4.94381 0 1.06635 -0.902221 0 -0.75
-2.97938 -4.98108 0 1.07275 -0.891652 0 -0.75
-2.93455 -5.01801 0 1.07903 -0.881022 0 -0.75
-2.88933 -5.05461 0 1.08521 -0.870332 0 -0.75
-2.84371 -5.09086 0 1.09129 -0.859584 0 -0.75
-2.79771 -5.12677 0 1.09725 -0.848778 0 -0.75
-2.75132 -5.16233 0 1.10311 -0.837915 0 -0.75
-2.70455 -5.19754 0 1.10886 -0.826997 0 -0.75
-2.65739 -5.23239 0 1.1145 -0.816025 0 -0.75
-2.60985 -5.26688 0 1.12003 -0.805 0 -0.75
-2.56193 -5.301 0 1.12545 -0.793922 0 -0.75
-2.51363 -5.33475 0 1.13077 -0.782794 0 -0.75
-2.46495 -5.36813 0 1.13596 -0.771615 0 -0.75
-2.4159 -5.40113 0 1.14105 -0.760388 0 -0.75
-2.36648 -5.43375 0 1.14603 -0.749113 0 -0.75
-2.31668 -5.46598 0 1.15089 -0.737791 0 -0.75
-2.26652 -5.49783 0 1.15565 -0.726424 0 -0.75
-2.21599 -5.52928 0 1.16029 -0.715012 0 -0.75
-2.1651 -5.56033 0 1.16481 -0.703558 0 -0.75
-2.11384 -5.59098 0 1.16922 -0.69206 0 -0.75
-2.06222 -5.62122 0 1.17352 -0.680522 0 -0.75
-2.01025 -5.65105 0 1.1777 -0.668944 0 -0.75
-1.95792 -5.68046 0 1.18177 -0.657328 0 -0.75
-1.90523 -5.70946 0 1.18572 -0.645673 0 -0.75
-1.8522 -5.73803 0 1.18956 -0.633982 0 -0.75
-1.79881 -5.76618 0 1.19328 -0.622256 0 -0.75
-1.74508 -5.79389 0 1.19689 -0.610495 0 -0.75
-1.69101 -5.82116 0 1.20038 -0.598701 0 -0.75
-1.63659 -5.848 0 1.20375 -0.586876 0 -0.75
-1.58184 -5.87439 0 1.20701 -0.575019 0 -0.75
-1.52675 -5.90033 0 1.21014 -0.563133 0 -0.75
-1.47133 -5.92581 0 1.21316 -0.551218 0 -0.75
-1.41557 -5.95084 0 1.21607 -0.539275 0 -0.75
-1.35949 -5.9754 0 1.21885 -0.527307 0 -0.75
-1.30309 -5.9995 0 1.22152 -0.515313 0 -0.75
-1.24636 -6.02313 0 1.22407 -0.503295 0 -0.75
-1.18931 -6.04628 0 1.2265 -0.491254 0 -0.75
-1.13195 -6.06895 0 1.22881 -0.479192 0 -0.75
-1.07428 -6.09114 0 1.231 -0.467109 0 -0.75
-1.0163 -6.11284 0 1.23307 -0.455007 0 -0.75
-0.958011 -6.13404 0 1.23503 -0.442886 0 -0.75
-0.89942 -6.15475 0 1.23686 -0.430748 0 -0.75
-0.84053 -6.17495 0 1.23858 -0.418594 0 -0.75
-0.781344 -6.19465 0 1.24017 -0.406426 0 -0.75
-0.721866 -6.21384 0 1.24165 -0.394243 0 -0.75
-0.662099 -6.23251 0 1.24301 -0.382048 0 -0.75
-0.602048 -6.25067 0 1.24424 -0.369842 0 -0.75
-0.541715 -6.2683 0 1.24536 -0.357626 0 -0.75
-0.481104 -6.2854 0 1.24635 -0.3454 0 -0.75
-0.420219 -6.30196 0 1.24723 -0.333166 0 -0.75
-0.359065 -6.318 0 1.24799 -0.320926 0 -0.75
-0.297645 -6.33348 0 1.24862 -0.30868 0 -0.75
-0.235963 -6.34843 0 1.24914 -0.296429 0 -0.75
-0.174023 -6.36282 0 1.24953 -0.284175 0 -0.75
-0.11183 -6.37666 0 1.24981 -0.271918 0 -0.75
-0.0493878 -6.38994 0 1.24996 -0.259661 0 -0.75
0.0132995 -6.40265 0 1.25 -0.247404 0 -0.75
0.0762272 -6.4148 0 1.24991 -0.235147 0 -0.75
0.139391 -6.42637 0 1.24971 -0.222893 0 -0.75
0.202786 -6.43737 0 1.24938 -0.210643 0 -0.75
0.266408 -6.44778 0 1.24893 -0.198397 0 -0.75
0.330252 -6.45761 0 1.24837 -0.186157 0 -0.75
0.394313 -6.46686 0 1.24768 -0.173923 0 -0.75
0.458587 -6.4755 0 1.24688 -0.161698 0 -0.75
0.523068 -6.48355 0 1.24595 -0.149482 0 -0.75
0.587751 -6.491 0 1.24491 -0.137275 0 -0.75
0.652632 -6.49784 0 1.24374 -0.125081 0 -0.75
0.717704 -6.50407 0 1.24246 -0.112898 0 -0.75
0.782964 -6.50968 0 1.24105 -0.10073 0 -0.75
0.848405 -6.51467 0 1.23953 -0.0885759 0 -0.75
0.914022 -6.51904 0 1.23789 -0.0764378 0 -0.75
0.979809 -6.52279 0 1.23613 -0.0643167 0 -0.75
1.04576 -6.5259 0 1.23425 -0.0522137 0 -0.75
1.11187 -6.52837 0 1.23226 -0.0401299 0 -0.75
1.17814 -6.53021 0 1.23014 -0.0280664 0 -0.75
1.24455 -6.5314 0 1.22791 -0.0160243 0 -0.75
1.3111 -6.53194 0 1.22556 -0.00400469 0 -0.75
1.37779 -6.53183 0 1.22309 0.00799125 0 -0.75
1.44461 -6.53107 0 1.2205 0.0199625 0 -0.75
1.51155 -6.52964 0 1.2178 0.0319078 0 -0.75
1.57861 -6.52755 0 1.21498 0.0438263 0 -0.75
1.64577 -6.5248 0 1.21204 0.0557167 0 -0.75
1.71304 -6.52137 0 1.20898 0.0675779 0 -0.75
1.78041 -6.51727 0 1.20581 0.079409 0 -0.75
1.84787 -6.51249 0 1.20253 0.0912088 0 -0.75
1.91541 -6.50703 0 1.19913 0.102976 0 -0.75
1.98303 -6.50088 0 1.19561 0.11471 0 -0.75
2.05072 -6.49405 0 1.19198 0.126409 0 -0.75
2.11848 -6.48652 0 1.18823 0.138073 0 -0.75
2.18628 -6.47829 0 1.18437 0.1497 0 -0.75
2.25414 -6.46937 0 1.1804 0.161289 0 -0.75
2.32204 -6.45974 0 1.17631 0.172839 0 -0.75
2.38997 -6.44941 0 1.17211 0.18435 0 -0.75
2.45792 -6.43837 0 1.16779 0.195819 0 -0.75
2.5259 -6.42662 0 1.16337 0.207246 0 -0.75
2.59388 -6.41415 0 1.15883 0.218631 0 -0.75
2.66187 -6.40096 0 1.15418 0.229971 0 -0.75
2.72985 -6.38705 0 1.14942 0.241265 0 -0.75
2.79783 -6.37242 0 1.14454 0.252514 0 -0.75
2.86577 -6.35707 0 1.13956 0.263715 0 -0.75
2.93369 -6.34098 0 1.13447 0.274868 0 -0.75
3.00158 -6.32416 0 1.12926 0.285971 0 -0.75
3.06941 -6.30661 0 1.12395 0.297024 0 -0.75
3.1372 -6.28832 0 1.11853 0.308026 0 -0.75
3.20492 -6.26929 0 1.113 0.318975 0 -0.75
3.27256 -6.24952 0 1.10736 0.32987 0 -0.75
3.34013 -6.22901 0 1.10162 0.340711 0 -0.75
3.40761 -6.20775 0 1.09577 0.351496 0 -0.75
3.47499 -6.18575 0 1.08981 0.362225 0 -0.75
3.54226 -6.163 0 1.08374 0.372896 0 -0.75
3.60942 -6.13949 0 1.07757 0.383508 0 -0.75
3.67645 -6.11524 0 1.0713 0.394061 0 -0.75
3.74335 -6.09023 0 1.06492 0.404553 0 -0.75
3.8101 -6.06446 0 1.05844 0.414984 0 -0.75
3.8767 -6.03794 0 1.05186 0.425351 0 -0.75
3.94314 -6.01066 0 1.04517 0.435656 0 -0.75
4.00941 -5.98263 0 1.03838 0.445895 0 -0.75
4.07549 -5.95383 0 1.03149 0.456069 0 -0.75
4.14138 -5.92427 0 1.0245 0.466177 0 -0.75
4.20707 -5.89395 0 1.0174 0.476216 0 -0.75
4.27255 -5.86287 0 1.01021 0.486188 0 -0.75
4.3378 -5.83103 0 1.00292 0.496089 0 -0.75
4.40283 -5.79843 0 0.995531 0.505921 0 -0.75
4.46761 -5.76506 0 0.988045 0.515681 0 -0.75
4.53214 -5.73094 0 0.980461 0.525368 0 -0.75
4.59641 -5.69605 0 0.97278 0.534983 0 -0.75
4.66041 -5.6604 0 0.965004 0.544522 0 -0.75
4.72412 -5.62398 0 0.957133 0.553987 0 -0.75
4.78754 -5.58681 0 0.949167 0.563376 0 -0.75
4.85066 -5.54888 0 0.941108 0.572687 0 -0.75
4.91346 -5.51018 0 0.932956 0.581921 0 -0.75
4.97593 -5.47073 0 0.924711 0.591076 0 -0.75
5.03807 -5.43053 0 0.916375 0.60015 0 -0.75
5.09987 -5.38957 0 0.907948 0.609144 0 -0.75
5.1613 -5.34785 0 0.899431 0.618057 0 -0.75
5.22237 -5.30538 0 0.890825 0.626887 0 -0.75
5.28306 -5.26216 0 0.88213 0.635633 0 -0.75
5.34336 -5.2182 0 0.873347 0.644295 0 -0.75
5.40326 -5.17349 0 0.864477 0.652872 0 -0.75
5.46275 -5.12803 0 0.855521 0.661363 0 -0.75
5.52181 -5.08184 0 0.84648 0.669767 0 -0.75
5.58045 -5.03491 0 0.837354 0.678083 0 -0.75
5.63863 -4.98724 0 0.828144 0.68631 0 -0.75
5.69636 -4.93884 0 0.818851 0.694448 0 -0.75
5.75363 -4.88971 0 0.809477 0.702495 0 -0.75
5.81041 -4.83986 0 0.80002 0.710451 0 -0.75
5.86671 -4.78929 0 0.790484 0.718315 0 -0.75
5.92251 -4.738 0 0.780868 0.726086 0 -0.75
5.97779 -4.686 0 0.771173 0.733764 0 -0.75
6.03256 -4.63328 0 0.7614 0.741347 0 -0.75
6.08679 -4.57987 0 0.751551 0.748835 0 -0.75
6.14047 -4.52576 0 0.741625 0.756226 0 -0.75
6.19361 -4.47095 0 0.731625 0.763521 0 -0.75
6.24617 -4.41545 0 0.72155 0.770718 0 -0.75
6.29816 -4.35927 0 0.711403 0.777816 0 -0.75
6.34956 -4.30241 0 0.701183 0.784815 0 -0.75
6.40036 -4.24488 0 0.690891 0.791714 0 -0.75
6.45055 -4.18668 0 0.680529 0.798513 0 -0.75
6.50012 -4.12782 0 0.670098 0.80521 0 -0.75
6.54905 -4.06831 0 0.659599 0.811804 0 -0.75
6.59735 -4.00815 0 0.649032 0.818296 0 -0.75
6.64499 -3.94735 0 0.638399 0.824684 0 -0.75
6.69197 -3.88592 0 0.627701 0.830968 0 -0.75
6.73827 -3.82386 0 0.616938 0.837146 0 -0.75
6.78389 -3.76118 0 0.606112 0.843219 0 -0.75
6.82882 -3.69789 0 0.595223 0.849185 0 -0.75
6.87304 -3.634 0 0.584274 0.855045 0 -0.75
6.91654 -3.56951 0 0.573264 0.860796 0 -0.75
6.95932 -3.50444 0 0.562195 0.866439 0 -0.75
7.00136 -3.43879 0 0.551068 0.871973 0 -0.75
7.04266 -3.37257 0 0.539884 0.877397 0 -0.75
7.0832 -3.30578 0 0.528645 0.882711 0 -0.75
7.12298 -3.23845 0 0.51735 0.887914 0 -0.75
7.16198 -3.17057 0 0.506002 0.893005 0 -0.75
7.2002 -3.10216 0 0.494602 0.897984 0 -0.75
7.23763 -3.03323 0 0.48315 0.902851 0 -0.75
7.27425 -2.96378 0 0.471648 0.907604 0 -0.75
7.31006 -2.89383 0 0.460097 0.912243 0 -0.75
7.34506 -2.82339 0 0.448498 0.916768 0 -0.75
7.37922 -2.75247 0 0.436853 0.921178 0 -0.75
7.41255 -2.68107 0 0.425161 0.925473 0 -0.75
7.44503 -2.60922 0 0.413426 0.929652 0 -0.75
7.47666 -2.53691 0 0.401647 0.933714 0 -0.75
7.50742 -2.46416 0 0.389826 0.93766 0 -0.75
7.53732 -2.39099 0 0.377964 0.941487 0 -0.75
7.56634 -2.3174 0 0.366063 0.945198 0 -0.75
7.59448 -2.24341 0 0.354123 0.948789 0 -0.75
7.62172 -2.16903 0 0.342146 0.952263 0 -0.75
7.64806 -2.09426 0 0.330133 0.955617 0 -0.75
7.6735 -2.01913 0 0.318086 0.958851 0 -0.75
7.69803 -1.94365 0 0.306005 0.961966 0 -0.75
7.72164 -1.86782 0 0.293891 0.96496 0 -0.75
7.74432 -1.79166 0 0.281747 0.967833 0 -0.75
7.76607 -1.71518 0 0.269573 0.970586 0 -0.75
7.78688 -1.6384 0 0.257371 0.973217 0 -0.75
7.80676 -1.56133 0 0.245141 0.975726 0 -0.75
7.82568 -1.48397 0 0.232886 0.978114 0 -0.75
7.84365 -1.40636 0 0.220606 0.980379 0 -0.75
7.86067 -1.32849 0 0.208302 0.982522 0 -0.75
7.87672 -1.25039 0 0.195977 0.984541 0 -0.75
7.8918 -1.17206 0 0.183631 0.986438 0 -0.75
7.90592 -1.09352 0 0.171265 0.988211 0 -0.75
7.91906 -1.01478 0 0.158881 0.989861 0 -0.75
7.93122 -0.935866 0 0.146481 0.991387 0 -0.75
7.94241 -0.85678 0 0.134065 0.99279 0 -0.75
7.9526 -0.777538 0 0.121634 0.994068 0 -0.75
7.96182 -0.698157 0 0.109191 0.995221 0 -0.75
7.97004 -0.618649 0 0.0967363 0.996251 0 -0.75
7.97727 -0.53903 0 0.0842712 0.997156 0 -0.75
7.9835 -0.459313 0 0.0717972 0.997936 0 -0.75
7.98874 -0.379513 0 0.0593155 0.998592 0 -0.75
7.99299 -0.299644 0 0.0468276 0.999122 0 -0.75
7.99623 -0.219721 0 0.0343346 0.999528 0 -0.75
7.99848 -0.139758 0 0.021838 0.999809 0 -0.75
7.99973 -0.0597701 0 0.00933913 0.999965 0 -0.75
7.99997 0.0202289 0 -0.00316077 0.999996 0 -0.75
7.99922 0.100224 0 -0.0156603 0.999902 0 -0.75
7.99747 0.180201 0 -0.0281582 0.999683 0 -0.75
7.99472 0.260146 0 -0.0406531 0.999338 0 -0.75
7.99097 0.340043 0 -0.0531437 0.99887 0 -0.75
7.98622 0.419879 0 -0.0656287 0.998276 0 -0.75
7.98047 0.499639 0 -0.0781067 0.997557 0 -0.75
7.97373 0.579308 0 -0.0905763 0.996714 0 -0.75
7.966 0.658873 0 -0.103036 0.995746 0 -0.75
7.95728 0.738319 0 -0.115486 0.994654 0 -0.75
7.94757 0.817631 0 -0.127922 0.993437 0 -0.75
7.93687 0.896796 0 -0.140346 0.992096 0 -0.75
7.9252 0.975799 0 -0.152754 0.990631 0 -0.75
7.91254 1.05463 0 -0.165146 0.989042 0 -0.75
7.8989 1.13326 0 -0.177521 0.98733 0 -0.75
7.8843 1.2117 0 -0.189877 0.985494 0 -0.75
7.86872 1.28992 0 -0.202213 0.983535 0 -0.75
7.85218 1.3679 0 -0.214527 0.981453 0 -0.75
7.83468 1.44564 0 -0.226819 0.979249 0 -0.75
7.81623 1.52313 0 -0.239087 0.976922 0 -0.75
7.79682 1.60034 0 -0.251329 0.974473 0 -0.75
7.77647 1.67727 0 -0.263545 0.971901 0 -0.75
7.75519 1.75389 0 -0.275733 0.969209 0 -0.75
7.73296 1.83021 0 -0.287892 0.966395 0 -0.75
7.70981 1.90621 0 -0.300021 0.963461 0 -0.75
7.68574 1.98186 0 -0.312118 0.960406 0 -0.75
7.66075 2.05717 0 -0.324183 0.95723 0 -0.75
7.63485 2.13212 0 -0.336213 0.953935 0 -0.75
7.60805 2.20669 0 -0.348208 0.950521 0 -0.75
7.58036 2.28088 0 -0.360166 0.946988 0 -0.75
7.55178 2.35467 0 -0.372086 0.943336 0 -0.75
7.52231 2.42805 0 -0.383968 0.939566 0 -0.75
7.49197 2.50101 0 -0.395809 0.935679 0 -0.75
7.46077 2.57353 0 -0.407609 0.931674 0 -0.75
7.42871 2.64561 0 -0.419366 0.927553 0 -0.75
7.3958 2.71724 0 -0.431079 0.923316 0 -0.75
7.36205 2.7884 0 -0.442748 0.918963 0 -0.75
7.32746 2.85908 0 -0.45437 0.914494 0 -0.75
7.29205 2.92927 0 -0.465945 0.909911 0 -0.75
7.25583 2.99897 0 -0.477471 0.905214 0 -0.75
7.2188 3.06816 0 -0.488948 0.900404 0 -0.75
7.18097 3.13682 0 -0.500374 0.89548 0 -0.75
7.14235 3.20497 0 -0.511748 0.890444 0 -0.75
7.10296 3.27257 0 -0.523069 0.885297 0 -0.75
7.06279 3.33963 0 -0.534336 0.880037 0 -0.75
7.02187 3.40613 0 -0.545547 0.874668 0 -0.75
6.98019 3.47206 0 -0.556702 0.869188 0 -0.75
6.93777 3.53742 0 -0.5678 0.863599 0 -0.75
6.89463 3.6022 0 -0.578839 0.857901 0 -0.75
6.85076 3.66639 0 -0.589819 0.852095 0 -0.75
6.80618 3.72998 0 -0.600737 0.846181 0 -0.75
6.76091 3.79296 0 -0.611594 0.840161 0 -0.75
6.71494 3.85532 0 -0.622389 0.834035 0 -0.75
6.66829 3.91707 0 -0.633119 0.827803 0 -0.75
6.62098 3.97818 0 -0.643785 0.821467 0 -0.749999
6.573 4.03866 0 -0.654384 0.815026 0 -0.749999
6.52438 4.09849 0 -0.664917 0.808482 0 -0.749999
6.47513 4.15767 0 -0.675382 0.801836 0 -0.749999
6.42524 4.2162 0 -0.685778 0.795087 0 -0.749999
6.37474 4.27406 0 -0.696105 0.788238 0 -0.749999
6.32364 4.33125 0 -0.70636 0.781288 0 -0.749999
6.27194 4.38777 0 -0.716544 0.774239 0 -0.749999
6.21966 4.4436 0 -0.726655 0.76709 0 -0.749999
6.16681 4.49875 0 -0.736692 0.759844 0 -0.749999
6.11339 4.55321 0 -0.746654 0.7525 0 -0.749999
6.05943 4.60697 0 -0.756542 0.74506 0 -0.749999
6.00493 4.66003 0 -0.766352 0.737524 0 -0.749999
5.9499 4.71238 0 -0.776086 0.729893 0 -0.749999
5.89435 4.76403 0 -0.785741 0.722168 0 -0.749999
5.8383 4.81495 0 -0.795317 0.71435 0 -0.749999
5.78176 4.86516 0 -0.804813 0.706439 0 -0.749999
5.72473 4.91465 0 -0.814228 0.698437 0 -0.749999
5.66723 4.96341 0 -0.823561 0.690344 0 -0.749999
5.60926 5.01144 0 -0.832812 0.68216 0 -0.749999
5.55085 5.05873 0 -0.84198 0.673888 0 -0.749999
5.492 5.10529 0 -0.851063 0.665528 0 -0.749999
5.43272 5.15111 0 -0.860061 0.65708 0 -0.749999
5.37302 5.19619 0 -0.868974 0.648545 0 -0.749999
5.31292 5.24053 0 -0.8778 0.639925 0 -0.749999
5.25242 5.28411 0 -0.886538 0.63122 0 -0.749999
5.19154 5.32695 0 -0.895188 0.622432 0 -0.749999
5.13028 5.36904 0 -0.90375 0.61356 0 -0.749999
5.06866 5.41038 0 -0.912221 0.604606 0 -0.749999
5.00669 5.45096 0 -0.920602 0.595571 0 -0.749999
4.94438 5.49078 0 -0.928892 0.586456 0 -0.749999
4.88174 5.52985 0 -0.93709 0.577261 0 -0.749999
4.81877 5.56816 0 -0.945196 0.567988 0 -0.749999
4.7555 5.6057 0 -0.953208 0.558638 0 -0.749999
4.69193 5.64249 0 -0.961126 0.54921 0 -0.749999
4.62808 5.67852 0 -0.968949 0.539707 0 -0.749999
4.56394 5.71379 0 -0.976676 0.53013 0 -0.749999
4.49954 5.74829 0 -0.984308 0.520478 0 -0.749999
4.43488 5.78203 0 -0.991843 0.510754 0 -0.749999
4.36997 5.81501 0 -0.999281 0.500958 0 -0.749999
4.30483 5.84723 0 -1.00662 0.491091 0 -0.749999
4.23946 5.87869 0 -1.01386 0.481154 0 -0.749999
4.17387 5.90938 0 -1.021 0.471148 0 -0.749999
4.10808 5.93932 0 -1.02804 0.461073 0 -0.749999
4.04209 5.96849 0 -1.03498 0.450932 0 -0.749999
3.97592 5.9969 0 -1.04182 0.440725 0 -0.749999
3.90956 6.02455 0 -1.04856 0.430453 0 -0.749999
3.84304 6.05145 0 -1.0552 0.420116 0 -0.749999
3.77636 6.07759 0 -1.06173 0.409717 0 -0.749999
3.70954 6.10297 0 -1.06816 0.399255 0 -0.749999
3.64257 6.1276 0 -1.07449 0.388732 0 -0.749999
3.57547 6.15147 0 -1.08071 0.378149 0 -0.749999
3.50826 6.1746 0 -1.08682 0.367507 0 -0.749999
3.44093 6.19697 0 -1.09283 0.356806 0 -0.749999
3.3735 6.2186 0 -1.09874 0.346049 0 -0.749999
3.30597 6.23948 0 -1.10454 0.335236 0 -0.749999
3.23836 6.25961 0 -1.11023 0.324367 0 -0.749999
3.17068 6.27901 0 -1.11581 0.313444 0 -0.749999
3.10292 6.29766 0 -1.12128 0.302469 0 -0.749999
3.03511 6.31558 0 -1.12665 0.291441 0 -0.749999
2.96725 6.33276 0 -1.13191 0.280363 0 -0.749999
2.89935 6.34921 0 -1.13706 0.269234 0 -0.749999
2.83141 6.36492 0 -1.14209 0.258057 0 -0.749999
2.76345 6.37991 0 -1.14702 0.246831 0 -0.749999
2.69547 6.39418 0 -1.15184 0.235559 0 -0.749999
2.62749 6.40772 0 -1.15654 0.224241 0 -0.749999
2.5595 6.42054 0 -1.16114 0.212879 0 -0.749999
2.49152 6.43265 0 -1.16562 0.201473 0 -0.749999
2.42355 6.44404 0 -1.16999 0.190024 0 -0.749999
2.35561 6.45473 0 -1.17425 0.178534 0 -0.749999
2.28769 6.4647 0 -1.17839 0.167003 0 -0.749999
2.21982 6.47397 0 -1.18242 0.155433 0 -0.749999
2.15198 6.48254 0 -1.18634 0.143825 0 -0.749999
2.0842 6.49041 0 -1.19014 0.132179 0 -0.749999
2.01648 6.49759 0 -1.19383 0.120497 0 -0.749999
1.94883 6.50408 0 -1.1974 0.10878 0 -0.749999
1.88125 6.50988 0 -1.20086 0.0970294 0 -0.749999
1.81375 6.515 0 -1.2042 0.0852455 0 -0.749999
1.74633 6.51943 0 -1.20743 0.0734298 0 -0.749999
1.67901 6.52319 0 -1.21054 0.0615833 0 -0.749999
1.61179 6.52628 0 -1.21354 0.0497072 0 -0.749999
1.54468 6.52869 0 -1.21642 0.0378024 0 -0.749999
1.47768 6.53045 0 -1.21918 0.0258702 0 -0.749999
1.4108 6.53154 0 -1.22182 0.0139117 0 -0.749999
1.34405 6.53197 0 -1.22435 0.00192782 0 -0.749999
1.27743 6.53175 0 -1.22676 -0.0100802 0 -0.749999
1.21094 6.53088 0 -1.22905 -0.0221113 0 -0.749999
1.14461 6.52936 0 -1.23122 -0.0341644 0 -0.749999
1.07842 6.5272 0 -1.23328 -0.0462383 0 -0.749999
1.01239 6.5244 0 -1.23522 -0.058332 0 -0.749999
0.946517 6.52097 0 -1.23704 -0.0704443 0 -0.749999
0.880816 6.51691 0 -1.23874 -0.0825741 0 -0.749999
0.815287 6.51223 0 -1.24032 -0.0947203 0 -0.749999
0.749937 6.50692 0 -1.24178 -0.106882 0 -0.749999
0.684772 6.50099 0 -1.24312 -0.119057 0 -0.749999
0.619795 6.49446 0 -1.24435 -0.131246 0 -0.749999
0.555014 6.48731 0 -1.24545 -0.143447 0 -0.749999
0.490432 6.47956 0 -1.24643 -0.155658 0 -0.749999
0.426055 6.47121 0 -1.2473 -0.167879 0 -0.749999
0.361889 6.46226 0 -1.24804 -0.180109 0 -0.749999
0.297937 6.45272 0 -1.24867 -0.192346 0 -0.749999
0.234204 6.44259 0 -1.24917 -0.204589 0 -0.749999
0.170697 6.43188 0 -1.24956 -0.216837 0 -0.749999
0.107418 6.42059 0 -1.24982 -0.22909 0 -0.749999
0.0443729 6.40873 0 -1.24997 -0.241345 0 -0.749999
-0.0184338 6.39629 0 -1.24999 -0.253602 0 -0.749999
-0.0809978 6.38329 0 -1.2499 -0.26586 0 -0.749999
-0.143315 6.36973 0 -1.24968 -0.278117 0 -0.749999
-0.20538 6.35561 0 -1.24935 -0.290372 0 -0.749999
-0.26719 6.34094 0 -1.24889 -0.302625 0 -0.749999
-0.32874 6.32572 0 -1.24832 -0.314873 0 -0.749999
-0.390026 6.30996 0 -1.24762 -0.327117 0 -0.749999
-0.451045 6.29365 0 -1.2468 -0.339354 0 -0.749999
-0.511791 6.27682 0 -1.24587 -0.351584 0 -0.749999
-0.572262 6.25945 0 -1.24481 -0.363805 0 -0.749999
-0.632453 6.24155 0 -1.24363 -0.376016 0 -0.749999
-0.692361 6.22314 0 -1.24233 -0.388217 0 -0.749999
-0.751983 6.2042 0 -1.24092 -0.400406 0 -0.749999
-0.811313 6.18476 0 -1.23938 -0.412581 0 -0.749999
-0.87035 6.1648 0 -1.23773 -0.424742 0 -0.749999
-0.929089 6.14434 0 -1.23595 -0.436888 0 -0.749999
-0.987527 6.12338 0 -1.23405 -0.449018 0 -0.749999
-1.04566 6.10193 0 -1.23204 -0.461129 0 -0.749999
-1.10349 6.07998 0 -1.22991 -0.473222 0 -0.749999
-1.161 6.05755 0 -1.22765 -0.485295 0 -0.749999
-1.2182 6.03463 0 -1.22528 -0.497346 0 -0.749999
-1.27509 6.01124 0 -1.22279 -0.509375 0 -0.749999
-1.33165 5.98737 0 -1.22018 -0.521381 0 -0.749999
-1.38789 5.96304 0 -1.21746 -0.533363 0 -0.749999
-1.44381 5.93824 0 -1.21461 -0.545318 0 -0.749999
-1.4994 5.91298 0 -1.21165 -0.557247 0 -0.749999
-1.55465 5.88727 0 -1.20857 -0.569147 0 -0.749999
-1.60957 5.8611 0 -1.20537 -0.581019 0 -0.749999
-1.66415 5.83448 0 -1.20206 -0.59286 0 -0.749999
-1.7184 5.80743 0 -1.19863 -0.60467 0 -0.749999
-1.7723 5.77993 0 -1.19508 -0.616447 0 -0.749999
-1.82585 5.752 0 -1.19142 -0.62819 0 -0.749999
-1.87906 5.72364 0 -1.18764 -0.639899 0 -0.749999
-1.93192 5.69485 0 -1.18374 -0.651571 0 -0.749999
-1.98443 5.66564 0 -1.17973 -0.663207 0 -0.749999
-2.03658 5.63602 0 -1.1756 -0.674804 0 -0.749999
-2.08837 5.60598 0 -1.17136 -0.686362 0 -0.749999
-2.13981 5.57553 0 -1.16701 -0.69788 0 -0.749999
-2.19088 5.54468 0 -1.16254 -0.709356 0 -0.749999
-2.24159 5.51342 0 -1.15795 -0.720789 0 -0.749999
-2.29194 5.48177 0 -1.15326 -0.732178 0 -0.749999
-2.34191 5.44973 0 -1.14845 -0.743522 0 -0.749999
-2.39152 5.4173 0 -1.14353 -0.754821 0 -0.749999
-2.44075 5.38449 0 -1.13849 -0.766072 0 -0.749999
-2.48962 5.3513 0 -1.13335 -0.777274 0 -0.749999
-2.5381 5.31773 0 -1.12809 -0.788428 0 -0.749999
-2.58621 5.28379 0 -1.12273 -0.799531 0 -0.749999
-2.63394 5.24948 0 -1.11725 -0.810582 0 -0.749999
-2.68129 5.21481 0 -1.11166 -0.821581 0 -0.749999
-2.72825 5.17978 0 -1.10597 -0.832525 0 -0.749999
-2.77483 5.14439 0 -1.10016 -0.843415 0 -0.749999
-2.82103 5.10866 0 -1.09425 -0.854249 0 -0.749999
-2.86683 5.07257 0 -1.08823 -0.865026 0 -0.749999
-2.91225 5.03615 0 -1.0821 -0.875745 0 -0.749999
-2.95727 4.99938 0 -1.07587 -0.886405 0 -0.749999
-3.00191 4.96228 0 -1.06953 -0.897004 0 -0.749999
-3.04615 4.92484 0 -1.06308 -0.907542 0 -0.749999
-3.08999 4.88708 0 -1.05653 -0.918018 0 -0.749999
-3.13344 4.849 0 -1.04987 -0.92843 0 -0.749999
-3.17649 4.81059 0 -1.04311 -0.938778 0 -0.749999
-3.21914 4.77187 0 -1.03625 -0.94906 0 -0.749999
-3.26138 4.73284 0 -1.02928 -0.959276 0 -0.749999
-3.30323 4.6935 0 -1.02222 -0.969424 0 -0.749999
-3.34467 4.65385 0 -1.01505 -0.979504 0 -0.749999
-3.38571 4.61391 0 -1.00778 -0.989514 0 -0.749999
-3.42634 4.57366 0 -1.00041 -0.999453 0 -0.749999
-3.46657 4.53313 0 -0.992941 -1.00932 0 -0.749999
-3.50638 4.4923 0 -0.985374 -1.01911 0 -0.749999
-3.54579 4.45119 0 -0.977708 -1.02884 0 -0.749999
-3.58479 4.4098 0 -0.969946 -1.03848 0 -0.749999
-3.62337 4.36813 0 -0.962086 -1.04805 0 -0.749999
-3.66155 4.32618 0 -0.954131 -1.05755 0 -0.749999
-3.69931 4.28397 0 -0.946081 -1.06696 0 -0.749999
-3.73665 4.24148 0 -0.937937 -1.0763 0 -0.749999
-3.77358 4.19874 0 -0.929699 -1.08556 0 -0.749999
-3.81009 4.15573 0 -0.921368 -1.09474 0 -0.749999
-3.84619 4.11247 0 -0.912945 -1.10383 0 -0.749999
-3.88187 4.06895 0 -0.904431 -1.11285 0 -0.749999
-3.91712 4.02519 0 -0.895826 -1.12178 0 -0.749999
-3.95196 3.98117 0 -0.887132 -1.13062 0 -0.749999
-3.98638 3.93692 0 -0.878349 -1.13938 0 -0.749999
-4.02038 3.89243 0 -0.869478 -1.14806 0 -0.749999
-4.05395 3.8477 0 -0.860519 -1.15664 0 -0.749999
-4.0871 3.80275 0 -0.851475 -1.16514 0 -0.749999
-4.11983 3.75756 0 -0.842345 -1.17356 0 -0.749999
-4.15213 3.71215 0 -0.83313 -1.18188 0 -0.749999
-4.18401 3.66652 0 -0.823832 -1.19011 0 -0.749999
-4.21546 3.62067 0 -0.81445 -1.19825 0 -0.749999
-4.24648 3.5746 0 -0.804987 -1.20629 0 -0.749999
-4.27708 3.52832 0 -0.795443 -1.21425 0 -0.749999
-4.30725 3.48184 0 -0.785819 -1.2221 0 -0.749999
-4.33699 3.43515 0 -0.776115 -1.22987 0 -0.749999
-4.3663 3.38827 0 -0.766334 -1.23754 0 -0.749999
-4.39518 3.34118 0 -0.756475 -1.24511 0 -0.749999
-4.42363 3.2939 0 -0.746539 -1.25259 0 -0.749999
-4.45165 3.24643 0 -0.736529 -1.25996 0 -0.749999
-4.47924 3.19877 0 -0.726444 -1.26724 0 -0.749999
-4.5064 3.15092 0 -0.716285 -1.27442 0 -0.749999
-4.53313 3.1029 0 -0.706054 -1.2815 0 -0.749999
-4.55942 3.0547 0 -0.695752 -1.28847 0 -0.749999
-4.58528 3.00632 0 -0.685379 -1.29535 0 -0.749999
-4.6107 2.95777 0 -0.674937 -1.30212 0 -0.749999
-4.6357 2.90905 0 -0.664426 -1.30879 0 -0.749999
-4.66025 2.86017 0 -0.653848 -1.31535 0 -0.749999
-4.68437 2.81113 0 -0.643204 -1.32181 0 -0.749999
-4.70806 2.76192 0 -0.632495 -1.32817 0 -0.749999
-4.73131 2.71257 0 -0.621721 -1.33442 0 -0.749999
-4.75413 2.66305 0 -0.610884 -1.34056 0 -0.749999
-4.7765 2.61339 0 -0.599985 -1.34659 0 -0.749999
-4.79844 2.56359 0 -0.589025 -1.35252 0 -0.749999
-4.81995 2.51364 0 -0.578006 -1.35834 0 -0.749999
-4.84101 2.46355 0 -0.566927 -1.36404 0 -0.749999
-4.86164 2.41332 0 -0.555791 -1.36964 0 -0.749999
-4.88183 2.36296 0 -0.544598 -1.37513 0 -0.749999
-4.90158 2.31247 0 -0.53335 -1.3805 0 -0.749999
-4.92089 2.26185 0 -0.522047 -1.38577 0 -0.749999
-4.93977 2.21111 0 -0.510691 -1.39092 0 -0.749999
-4.9582 2.16025 0 -0.499283 -1.39596 0 -0.749999
-4.97619 2.10926 0 -0.487825 -1.40088 0 -0.749999
-4.99375 2.05816 0 -0.476316 -1.40569 0 -0.749999
-5.01086 2.00695 0 -0.464759 -1.41039 0 -0.749999
-5.02754 1.95563 0 -0.453154 -1.41497 0 -0.749999
-5.04377 1.9042 0 -0.441503 -1.41943 0 -0.749999
-5.05956 1.85267 0 -0.429807 -1.42378 0 -0.749999
-5.07491 1.80104 0 -0.418067 -1.42801 0 -0.749999
-5.08982 1.74931 0 -0.406285 -1.43213 0 -0.749999
-5.10429 1.69749 0 -0.39446 -1.43613 0 -0.749999
-5.11832 1.64557 0 -0.382596 -1.44001 0 -0.749999
-5.1319 1.59357 0 -0.370692 -1.44377 0 -0.749999
-5.14504 1.54148 0 -0.35875 -1.44741 0 -0.749999
-5.15774 1.4893 0 -0.346772 -1.45094 0 -0.749999
-5.17 1.43705 0 -0.334758 -1.45434 0 -0.749999
-5.18182 1.38472 0 -0.32271 -1.45762 0 -0.749999
-5.19319 1.33231 0 -0.310628 -1.46079 0 -0.749999
-5.20412 1.27984 0 -0.298515 -1.46383 0 -0.749999
-5.21461 1.22729 0 -0.286372 -1.46675 0 -0.749999
-5.22465 1.17468 0 -0.274199 -1.46955 0 -0.749999
-5.23425 1.12201 0 -0.261997 -1.47223 0 -0.749999
-5.24341 1.06928 0 -0.249769 -1.47479 0 -0.749999
-5.25212 1.01649 0 -0.237516 -1.47723 0 -0.749999
-5.26039 0.963643 0 -0.225238 -1.47954 0 -0.749999
-5.26822 0.910747 0 -0.212936 -1.48173 0 -0.749999
-5.2756 0.857804 0 -0.200613 -1.4838 0 -0.749999
-5.28254 0.804815 0 -0.18827 -1.48574 0 -0.749999
-5.28904 0.751783 0 -0.175907 -1.48756 0 -0.749999
-5.29509 0.698711 0 -0.163526 -1.48926 0 -0.749999
-5.3007 0.645602 0 -0.151128 -1.49083 0 -0.749999
-5.30586 0.592459 0 -0.138715 -1.49228 0 -0.749999
-5.31058 0.539285 0 -0.126287 -1.4936 0 -0.749999
-5.31485 0.486082 0 -0.113847 -1.4948 0 -0.749999
-5.31868 0.432853 0 -0.101394 -1.49588 0 -0.749999
-5.32207 0.379602 0 -0.0889316 -1.49683 0 -0.749999
-5.32501 0.32633 0 -0.0764598 -1.49766 0 -0.749999
-5.32751 0.273041 0 -0.0639802 -1.49836 0 -0.749999
-5.32957 0.219738 0 -0.051494 -1.49894 0 -0.749999
-5.33117 0.166423 0 -0.0390024 -1.49939 0 -0.749999
-5.33234 0.1131 0 -0.0265069 -1.49972 0 -0.749999
-5.33306 0.05977 0 -0.0140087 -1.49992 0 -0.749999
-5.33334 0.00643724 0 -0.00150897 -1.5 0 -0.749999
-5.33317 -0.0468958 0 0.0109909 -1.49995 0 -0.749999
-5.33255 -0.100226 0 0.0234896 -1.49978 0 -0.749999
-5.3315 -0.153552 0 0.0359859 -1.49948 0 -0.749999
-5.32999 -0.206869 0 0.0484785 -1.49906 0 -0.749999
-5.32805 -0.260175 0 0.0609661 -1.49851 0 -0.749999
-5.32566 -0.313468 0 0.0734475 -1.49784 0 -0.749999
-5.32282 -0.366744 0 0.0859213 -1.49704 0 -0.749999
-5.31954 -0.42 0 0.0983863 -1.49612 0 -0.749999
-5.31582 -0.473235 0 0.110841 -1.49508 0 -0.749999
-5.31165 -0.526444 0 0.123285 -1.4939 0 -0.749999
-5.30704 -0.579626 0 0.135715 -1.49261 0 -0.749999
-5.30198 -0.632776 0 0.148132 -1.49119 0 -0.749999
-5.29648 -0.685894 0 0.160534 -1.48965 0 -0.749999
-5.29054 -0.738975 0 0.172919 -1.48798 0 -0.749999
-5.28415 -0.792017 0 0.185287 -1.48619 0 -0.749999
-5.27732 -0.845016 0 0.197635 -1.48428 0 -0.749999
-5.27004 -0.897971 0 0.209963 -1.48224 0 -0.749999
-5.26232 -0.950879 0 0.22227 -1.48008 0 -0.749999
-5.25416 -1.00374 0 0.234553 -1.4778 0 -0.749999
-5.24555 -1.05654 0 0.246813 -1.47539 0 -0.749999
-5.2365 -1.10929 0 0.259047 -1.47286 0 -0.749999
-5.22701 -1.16197 0 0.271255 -1.47021 0 -0.749999
-5.21707 -1.2146 0 0.283435 -1.46744 0 -0.749999
-5.20669 -1.26716 0 0.295586 -1.46455 0 -0.749999
-5.19587 -1.31965 0 0.307707 -1.46153 0 -0.749999
-5.1846 -1.37208 0 0.319796 -1.4584 0 -0.749999
-5.17289 -1.42442 0 0.331852 -1.45514 0 -0.749999
-5.16074 -1.4767 0 0.343874 -1.45177 0 -0.749999
-5.14815 -1.52889 0 0.355862 -1.44827 0 -0.749999
-5.13511 -1.581 0 0.367812 -1.44466 0 -0.749999
-5.12164 -1.63303 0 0.379725 -1.44093 0 -0.749999
-5.10772 -1.68496 0 0.391599 -1.43708 0 -0.749999
-5.09335 -1.73681 0 0.403434 -1.43311 0 -0.749999
-5.07855 -1.78856 0 0.415226 -1.42902 0 -0.749999
-5.06331 -1.84022 0 0.426977 -1.42481 0 -0.749999
-5.04762 -1.89177 0 0.438684 -1.42049 0 -0.749999
-5.0315 -1.94323 0 0.450345 -1.41606 0 -0.749999
-5.01493 -1.99457 0 0.461961 -1.4115 0 -0.749999
-4.99792 -2.04581 0 0.47353 -1.40683 0 -0.749999
-4.98047 -2.09694 0 0.485051 -1.40205 0 -0.749999
-4.96259 -2.14795 0 0.496521 -1.39715 0 -0.749999
-4.94426 -2.19884 0 0.507942 -1.39214 0 -0.749999
-4.92549 -2.24962 0 0.51931 -1.38702 0 -0.749999
-4.90628 -2.30026 0 0.530626 -1.38178 0 -0.749999
-4.88664 -2.35079 0 0.541887 -1.37644 0 -0.749999
-4.86656 -2.40118 0 0.553094 -1.37098 0 -0.749999
-4.84603 -2.45144 0 0.564244 -1.3654 0 -0.749999
-4.82507 -2.50156 0 0.575336 -1.35972 0 -0.749999
